28
26
32
26
27
26
29
22
27
17
30
26
37
28
23
28
26
23
21
27
31
27
18
24
31
24
17
17
22
17
17
36
17
28
31
33
17
27
19
22
26
26
36
31
17
32
22
26
20
19
19
30
25
18
26
22
22
36
31
21
26
19
24
17
27
31
32
28
24
26
17
21
30
30
25
20
30
29
24
17
27
30
17
25
26
21
18
17
22
23
22
22
35
26
30
19
24
22
22
26
27
33
19
19
28
25
33
17
27
26
28
20
35
19
17
35
31
36
30
26
29
27
27
25
23
26
25
17
24
32
21
22
24
15
19
31
27
26
23
30
22
22
29
17
32
33
28
21
32
22
31
29
28
27
21
23
24
20
22
17
24
22
33
18
22
29
24
26
36
22
35
30
18
24
31
20
17
27
23
20
41
30
26
17
19
32
33
18
28
26
26
24
27
23
25
20
28
23
24
24
28
25
33
17
22
17
28
22
21
21
20
35
37
26
28
29
22
28
17
19
25
19
30
28
29
31
26
22
19
17
35
22
34
18
17
37
18
26
17
31
29
25
25
22
27
32
17
24
21
31
19
28
26
18
36
17
21
18
24
20
26
24
24
34
26
29
23
33
21
18
22
19
22
32
27
20
28
28
35
32
22
19
19
19
20
28
18
17
17
19
26
25
21
30
32
29
20
32
17
23
20
33
18
29
29
18
25
27
20
30
17
31
36
32
31
20
17
37
30
25
25
17
30
33
20
33
28
28
24
26
30
23
26
27
30
27
20
24
23
26
29
25
21
22
19
23
22
19
18
24
28
25
17
23
17
17
25
30
29
34
23
28
18
21
32
17
17
17
25
20
17
17
17
17
17
27
29
31
32
29
30
17
29
33
21
23
29
24
23
27
35
30
17
24
22
28
26
22
17
20
17
33
20
32
21
17
17
21
25
29
33
24
29
20
18
31
35
23
26
27
26
28
25
28
31
25
27
32
19
23
26
23
17
23
24
17
18
19
22
20
33
24
17
31
30
23
29
25
18
21
25
24
29
17
17
24
34
23
18
27
28
24
30
20
25
23
34
30
30
21
20
21
19
35
33
22
17
26
17
32
23
28
29
17
32
25
24
18
27
21
21
17
30
17
28
31
27
18
23
18
24
18
31
18
21
31
21
22
28
33
25
34
27
21
23
21
32
24
19
29
31
22
29
17
23
25
22
26
20
22
31
24
17
32
26
29
21
23
20
19
22
26
24
22
30
18
24
24
33
26
33
20
26
24
30
17
18
30
24
26
32
33
17
24
24
17
32
34
33
27
25
20
25
30
23
18
25
17
29
30
32
28
19
26
25
26
25
30
24
20
28
24
25
22
23
25
17
24
22
25
22
28
24
17
32
32
17
33
26
27
33
26
19
25
28
26
35
26
27
30
20
17
25
32
22
18
31
24
22
24
18
28
28
17
22
35
18
19
24
27
29
31
25
25
22
19
19
29
27
31
35
27
38
16
29
27
19
29
32
29
18
22
19
23
29
23
22
18
31
25
24
25
27
23
27
17
23
17
31
20
44
19
29
23
20
28
26
29
20
31
20
28
31
17
35
26
27
20
29
18
25
17
21
24
37
23
27
35
18
30
25
26
18
17
21
29
21
27
26
30
24
16
31
25
24
46
17
25
30
18
29
17
23
21
21
33
17
20
23
29
26
18
23
23
23
22
20
21
30
27
19
27
28
29
25
27
20
17
21
19
17
25
26
29
21
30
18
30
38
26
25
17
27
23
25
17
25
24
40
17
25
22
17
21
29
31
18
33
18
33
17
17
19
17
19
19
29
22
29
25
17
25
25
32
26
21
26
21
17
21
30
23
29
22
18
33
26
28
19
16
22
19
29
17
20
24
33
17
26
28
31
31
17
33
29
17
24
17
26
20
34
19
25
22
29
35
23
28
17
19
23
31
33
29
30
17
30
26
27
25
21
25
23
25
25
35
28
26
22
17
28
31
28
23
27
27
19
28
24
31
17
21
29
29
25
31
17
25
20
26
30
17
24
17
24
25
30
20
20
23
23
28
25
23
17
31
28
29
23
27
17
31
28
18
26
22
33
31
30
20
25
32
17
26
18
39
39
32
20
32
17
22
26
26
26
27
33
29
21
20
28
23
34
25
29
17
17
35
36
27
28
32
17
26
17
22
17
25
38
29
29
17
17
30
17
26
21
29
27
28
32
20
26
18
34
24
18
30
17
32
24
25
19
29
26
29
24
27
25
25
18
32
25
29
25
21
39
22
22
17
33
22
28
17
17
17
32
27
29
17
32
25
21
27
19
35
17
17
28
19
18
33
19
21
32
18
26
20
24
17
25
35
28
30
30
17
30
38
19
22
27
19
22
24
27
28
31
32
20
20
17
21
27
19
21
17
26
27
29
20
33
18
29
31
30
18
28
34
20
32
32
17
19
22
32
26
25
18
18
32
18
19
29
21
21
28
21
26
24
24
19
29
22
32
17
23
17
25
31
30
24
26
22
27
30
28
17
26
17
29
32
29
17
25
20
33
26
25
23
25
23
17
25
17
17
19
23
18
27
23
22
29
17
29
26
29
17
18
19
28
21
26
17
25
31
34
31
22
25
24
22
21
17
20
32
17
18
18
40
21
28
30
27
29
23
18
22
22
35
23
21
27
17
23
17
19
23
23
26
30
25
26
30
25
20
21
17
26
26
22
34
18
31
17
18
30
32
29
24
27
30
17
19
18
24
25
23
23
19
17
17
25
21
23
19
17
17
23
17
21
22
23
28
17
29
17
22
17
28
17
24
33
23
32
27
24
32
24
18
15
28
15
16
22
22
16
24
23
14
25
23
19
17
15
18
18
15
29
25
20
25
15
26
22
22
21
24
22
24
27
26
24
17
25
15
26
27
25
28
19
23
22
15
17
24
22
16
15
21
27
20
24
27
18
16
15
16
14
27
22
19
14
14
25
20
17
15
17
15
25
21
30
30
25
21
26
20
26
15
15
21
25
48
41
48
38
51
32
36
62
47
46
46
36
53
27
40
45
37
53
59
58
48
33
26
51
46
47
45
26
55
27
34
45
34
51
38
38
38
36
42
51
40
42
56
34
52
44
34
40
37
35
54
41
32
48
55
45
54
28
63
61
55
41
47
40
34
36
42
37
43
26
47
46
56
58
39
43
39
42
29
36
32
31
28
57
27
30
46
55
33
47
45
60
48
31
36
38
41
49
25
36
58
35
31
46
34
52
35
36
39
34
53
35
32
47
42
53
51
52
42
35
45
34
32
36
32
31
44
36
35
48
49
49
35
55
49
41
37
30
45
56
56
47
35
35
38
42
45
32
53
48
31
51
61
46
40
35
31
61
38
34
62
47
43
29
32
45
47
25
38
28
50
46
34
33
28
39
33
36
57
40
31
50
45
37
49
51
42
37
47
52
60
41
41
51
32
31
38
37
33
48
27
49
37
49
38
41
55
43
40
41
43
36
38
38
30
40
33
30
38
49
46
25
29
36
56
35
33
46
61
27
51
32
51
37
49
39
50
39
42
33
33
52
37
46
36
62
51
34
47
47
44
28
47
38
41
50
34
59
30
56
38
44
60
27
31
40
34
37
40
46
53
39
34
32
52
57
59
49
37
48
41
44
27
44
29
39
43
51
56
62
50
42
42
52
45
28
29
50
42
53
61
38
49
37
40
59
63
52
43
53
55
27
47
32
51
40
36
46
48
47
44
47
29
45
48
56
41
36
54
57
31
40
43
47
45
44
43
27
50
34
32
27
58
49
28
58
58
50
28
50
37
58
48
28
44
37
42
60
61
53
44
42
37
55
49
54
39
49
39
55
27
41
43
27
50
34
49
52
37
49
50
38
39
44
40
37
55
43
36
33
60
41
30
34
55
32
61
52
47
36
54
46
27
61
57
26
33
34
39
71
36
34
50
37
41
42
39
43
38
62
55
47
30
37
49
47
34
43
42
40
34
35
40
46
53
47
33
32
42
43
38
34
33
58
44
55
45
28
62
46
25
40
52
33
40
51
57
44
34
32
54
57
49
56
50
51
47
52
59
35
56
45
44
61
59
43
35
47
34
58
55
34
30
45
44
30
33
35
29
49
39
34
57
54
27
32
41
46
29
53
35
38
46
40
47
53
50
41
40
38
38
45
30
35
37
40
41
29
45
48
26
38
57
48
54
45
37
55
35
43
32
32
51
30
27
32
42
41
42
51
27
49
31
36
41
42
40
52
36
30
38
48
52
39
46
31
28
44
55
47
31
29
56
30
31
47
33
26
42
32
47
29
34
53
48
34
29
44
57
54
39
33
61
27
33
30
53
58
43
32
43
53
60
43
57
37
48
48
49
39
45
55
28
49
65
35
35
28
51
31
42
49
39
54
32
48
41
39
42
37
64
39
39
57
50
32
60
47
63
31
33
41
57
46
57
47
33
39
38
30
42
50
64
47
36
61
30
31
62
55
36
39
51
46
35
30
36
31
30
32
34
41
41
46
53
45
33
40
48
54
34
55
30
32
43
49
47
33
36
34
49
39
64
47
51
35
36
51
53
57
39
38
46
42
58
34
39
44
48
32
42
25
25
31
44
41
46
47
31
39
57
28
38
37
48
37
32
33
30
43
36
50
43
43
37
28
38
51
39
32
30
55
33
44
57
44
49
53
24
47
32
31
59
66
53
61
52
36
58
52
46
57
37
47
39
28
43
37
51
34
41
61
46
44
54
50
45
49
37
53
53
52
36
36
33
32
40
33
37
38
44
37
30
52
37
44
31
47
43
27
55
65
31
36
50
34
33
60
31
38
33
34
42
47
54
41
33
51
30
57
68
65
38
44
43
30
45
39
33
32
36
32
45
53
42
63
51
39
47
42
35
34
31
40
32
40
40
54
49
64
51
34
49
47
48
54
48
40
36
38
58
31
59
60
27
34
31
52
38
30
48
67
28
39
41
60
45
35
23
54
53
48
52
31
50
39
29
41
45
46
32
42
32
59
30
26
42
43
33
52
49
49
57
44
56
29
43
30
50
65
43
26
30
54
44
47
32
60
56
60
40
31
50
32
27
46
56
45
49
32
37
29
38
55
46
58
40
41
53
45
43
54
33
50
36
34
38
37
36
27
38
38
38
45
41
66
45
39
36
35
42
35
32
32
42
59
53
43
31
41
36
44
42
56
37
48
34
59
38
45
48
56
57
55
35
38
52
51
29
29
57
51
42
54
57
59
32
47
47
44
50
34
42
71
52
35
46
34
47
49
46
48
48
33
32
49
66
31
55
59
44
27
33
27
59
31
55
41
40
47
28
38
50
31
45
34
50
51
51
38
34
48
37
42
36
48
49
47
31
51
51
35
42
32
36
35
44
39
44
49
47
64
41
60
48
27
39
40
43
46
60
46
52
38
50
54
29
60
42
24
53
36
48
62
64
55
39
53
51
42
33
51
42
36
42
52
62
28
37
35
50
25
40
44
43
40
42
49
44
64
37
58
62
35
57
52
40
34
33
44
40
33
47
60
29
54
40
36
35
59
38
28
60
59
54
53
30
38
42
62
38
38
44
51
43
42
57
38
49
26
47
49
40
29
52
64
26
60
24
31
44
56
56
66
36
30
57
35
50
52
46
37
40
53
53
39
30
48
55
27
36
51
42
55
55
47
50
56
44
51
52
44
44
61
56
30
44
38
29
54
54
40
34
44
43
27
52
47
47
30
48
36
56
53
29
39
48
51
34
61
48
42
58
48
55
34
53
36
48
46
31
45
41
48
40
61
46
48
29
37
55
46
33
32
51
48
38
33
56
50
65
51
51
59
39
42
66
39
36
30
45
62
53
33
43
38
36
49
60
39
50
57
33
35
38
59
36
45
26
34
52
31
53
61
31
52
41
30
42
42
54
36
34
31
44
34
46
27
32
66
46
39
40
39
46
37
52
55
50
34
40
29
49
31
41
35
31
30
44
30
25
36
51
37
25
41
64
29
55
31
52
38
33
52
41
42
32
56
54
49
42
43
33
58
50
35
55
52
30
43
42
35
34
32
61
47
51
41
43
55
52
45
48
32
48
56
36
47
52
52
28
57
39
45
47
42
25
33
35
27
50
34
38
57
43
32
51
42
53
31
37
54
49
31
46
35
34
64
53
35
28
50
35
41
39
58
45
42
40
29
32
38
56
46
55
57
60
36
39
34
55
55
57
45
54
32
36
47
38
33
40
61
28
38
50
38
48
36
33
47
40
38
54
32
43
53
35
58
51
37
35
55
46
42
57
42
41
27
45
57
42
52
54
26
30
46
60
48
27
60
30
35
31
36
31
47
38
30
47
50
49
51
56
39
60
31
45
32
51
30
33
36
68
49
47
38
57
54
46
34
32
34
49
36
34
61
44
45
32
37
43
32
51
47
38
62
31
34
29
49
55
33
53
33
51
41
38
42
41
60
55
56
36
46
55
37
34
36
31
31
56
49
44
53
39
56
33
30
50
26
53
60
52
42
39
53
35
61
27
42
53
38
53
43
42
63
46
34
32
48
39
33
33
53
32
28
31
53
29
32
36
53
48
28
45
51
33
54
54
45
38
49
45
30
38
55
43
55
44
31
33
33
56
37
58
43
42
53
43
64
25
31
41
37
48
43
25
46
53
31
45
49
39
38
41
52
33
52
33
39
50
59
51
47
42
41
40
35
41
40
64
33
53
33
38
37
48
57
48
28
55
56
33
28
35
37
31
36
24
33
60
49
49
29
49
48
42
37
66
41
45
43
36
56
29
38
30
34
37
40
47
35
32
37
38
35
54
29
41
42
52
33
53
35
52
40
33
34
59
49
47
47
57
71
46
42
53
65
45
33
35
50
38
46
54
33
44
36
32
48
38
45
46
57
47
62
56
39
28
58
33
42
45
48
52
36
51
36
58
42
45
39
46
36
47
48
33
44
33
38
30
51
52
29
61
42
24
52
36
33
50
44
55
55
48
41
53
32
41
38
32
39
28
38
23
44
50
44
41
47
28
42
47
42
33
38
26
53
45
41
45
30
41
39
49
38
53
38
38
38
41
57
35
55
43
43
31
27
59
44
41
39
27
55
31
61
42
62
55
49
50
49
40
34
30
53
69
34
38
48
60
41
57
55
37
70
33
38
42
40
42
46
34
53
47
45
52
44
38
38
48
40
46
69
46
39
45
38
48
47
51
34
47
46
29
47
36
35
47
50
56
37
57
52
33
50
56
51
68
33
40
42
52
48
50
46
50
59
44
30
32
51
38
66
70
44
51
30
33
57
50
39
59
47
47
49
38
48
46
32
43
44
49
37
29
46
55
37
59
40
58
33
34
57
53
46
34
32
39
30
42
45
33
48
45
58
58
40
31
51
46
44
35
35
39
29
35
34
53
38
38
46
29
59
48
34
30
54
47
49
70
31
26
52
50
27
38
45
31
53
59
40
53
56
54
59
38
38
44
37
49
71
41
41
47
80
54
52
48
41
32
59
30
57
56
54
37
51
55
39
44
38
47
40
36
29
47
25
46
33
44
42
61
38
34
45
29
43
30
44
36
42
23
29
48
41
44
51
46
50
49
31
57
44
40
58
51
30
54
62
44
32
50
55
48
31
44
44
64
27
53
36
61
50
33
43
53
65
27
34
42
43
58
33
54
53
38
35
38
32
50
30
48
30
53
33
31
30
54
35
54
43
33
47
39
44
33
40
54
37
32
53
68
58
43
53
43
28
32
30
36
41
45
59
49
50
40
33
37
47
50
27
59
30
53
60
56
62
36
51
46
51
45
42
55
49
43
41
33
39
44
33
39
45
44
54
57
55
48
42
53
33
44
30
65
48
37
30
52
72
53
40
42
44
51
28
33
55
44
43
48
54
27
44
38
36
59
51
47
42
27
60
42
36
43
45
52
29
55
31
53
59
30
32
54
55
37
52
43
31
35
54
40
59
53
35
34
42
43
52
31
21
28
45
48
56
52
31
35
24
42
27
58
30
33
57
54
63
51
30
42
45
33
45
52
56
42
44
40
47
59
41
34
52
38
48
45
37
54
32
29
40
51
45
27
56
25
29
39
44
45
45
34
28
30
47
28
33
48
30
47
39
53
34
41
29
36
60
48
41
52
42
37
34
48
48
36
49
45
50
34
33
30
45
30
45
47
48
32
47
44
46
35
36
51
43
49
45
51
56
61
50
38
36
51
58
40
37
31
30
60
47
48
54
34
46
56
54
33
60
34
39
33
58
37
55
40
45
32
50
28
38
40
51
49
32
59
50
44
39
46
55
36
40
33
27
60
36
40
41
40
41
56
51
40
33
47
37
25
37
63
67
60
46
45
43
41
30
37
52
34
53
57
41
25
28
53
46
39
38
51
52
56
51
33
35
58
29
59
42
54
55
51
45
29
51
53
40
39
34
55
39
34
49
38
41
46
34
59
64
30
27
30
36
38
39
46
51
28
32
68
53
60
48
35
51
57
32
37
45
31
48
28
56
39
43
56
31
59
59
49
32
40
26
42
34
35
48
29
33
33
32
30
41
54
59
49
57
45
43
47
25
32
28
44
38
34
42
37
53
41
41
53
31
37
41
42
48
43
54
40
38
67
29
42
45
39
33
27
41
38
33
38
39
33
29
46
59
37
43
35
32
42
41
34
32
59
47
48
41
55
45
38
51
28
51
31
45
28
47
47
45
52
50
27
26
28
50
52
41
48
44
49
48
40
53
28
53
57
53
33
49
38
47
39
27
26
40
42
43
34
39
42
30
44
47
51
39
62
29
45
35
44
55
30
34
36
43
63
54
38
57
52
62
35
32
31
32
41
56
43
68
39
37
27
46
34
45
57
50
59
53
46
40
54
43
51
34
33
46
48
32
43
52
51
48
38
29
40
54
31
69
59
26
30
40
27
35
58
55
53
42
60
37
58
55
49
67
33
40
37
61
49
49
51
50
34
55
36
36
42
44
36
34
46
38
43
62
32
28
31
49
57
46
48
38
34
51
50
54
43
50
47
44
36
36
46
33
31
43
46
55
46
51
42
54
47
36
42
61
29
57
56
41
45
41
59
38
54
29
44
49
52
39
39
58
37
51
45
51
45
42
35
37
55
39
46
45
34
55
44
56
30
32
47
28
38
49
43
52
63
44
39
45
40
43
47
62
53
60
58
28
58
43
38
58
58
41
36
50
47
49
50
25
49
51
38
44
49
63
40
48
27
50
34
46
47
41
31
58
34
38
36
34
38
47
46
31
32
32
37
51
36
66
41
45
44
34
37
33
54
41
37
43
51
31
49
34
57
28
60
54
39
51
36
32
56
42
49
33
26
42
51
33
23
44
48
53
55
51
43
27
30
33
47
51
40
71
37
33
35
30
31
42
45
68
58
71
39
35
51
58
53
28
53
53
34
55
50
50
42
60
50
50
38
37
35
44
48
60
66
61
58
61
65
35
50
53
47
33
33
49
30
35
42
37
35
39
48
48
39
52
35
54
31
47
51
38
28
33
45
31
51
46
50
45
48
56
37
42
44
49
37
57
65
30
47
30
31
54
50
51
37
33
46
51
28
36
35
44
46
37
28
39
38
44
51
33
28
48
35
26
40
31
41
36
33
48
56
49
31
48
45
49
45
44
46
48
45
52
35
27
49
44
34
37
27
42
50
38
56
26
38
58
36
57
32
47
29
50
46
36
49
38
47
44
49
52
37
29
34
36
52
54
35
33
37
38
65
50
38
34
45
39
58
28
29
32
53
41
59
45
41
53
51
43
28
30
31
46
28
65
45
37
43
33
27
44
65
37
50
48
31
55
50
49
43
34
39
53
44
49
40
49
62
31
45
45
30
52
37
52
46
29
57
29
39
55
50
46
62
37
40
45
55
46
39
49
52
41
36
42
51
50
44
42
60
27
55
56
43
44
43
42
52
37
43
57
38
38
31
45
33
40
27
36
25
62
38
38
55
48
58
30
47
43
43
50
37
39
30
59
50
54
34
29
45
32
40
33
51
54
32
41
48
47
56
46
48
34
35
47
57
48
41
48
59
35
29
41
45
51
55
42
53
50
32
48
70
49
65
55
31
29
44
63
30
66
40
38
54
34
41
52
34
34
39
29
24
34
39
52
57
49
31
27
43
36
36
46
42
32
42
65
39
39
44
40
49
44
28
51
37
50
52
50
61
28
60
44
43
45
32
40
45
57
54
58
49
28
42
28
36
42
59
36
40
49
57
46
39
63
55
26
56
38
60
49
45
37
29
47
30
32
37
48
47
42
33
35
34
59
36
57
45
58
41
33
53
40
27
33
33
36
40
31
52
30
49
58
39
31
62
34
38
38
30
55
58
44
40
55
38
34
41
34
35
36
39
33
33
32
45
51
40
63
28
35
52
39
30
28
42
35
48
32
45
43
42
54
35
56
59
28
56
30
54
40
29
56
49
32
45
49
32
31
32
33
41
51
43
43
38
53
35
56
46
58
59
37
29
48
50
44
56
33
28
33
61
52
30
43
36
34
49
42
46
35
45
66
56
32
55
43
28
46
28
52
31
32
58
38
54
41
61
40
38
34
31
59
42
42
33
62
57
47
42
37
42
45
63
41
35
47
39
59
62
30
53
52
51
34
41
29
37
49
52
37
35
54
44
50
27
51
55
54
37
48
51
48
30
45
51
34
32
32
51
47
34
45
42
32
32
40
43
40
50
48
43
56
37
50
52
43
33
50
42
30
41
38
43
37
51
40
43
35
30
31
27
54
30
49
47
39
29
39
36
31
36
35
60
34
54
36
26
53
39
57
40
51
53
39
37
59
28
56
45
34
48
60
56
57
54
33
42
28
44
48
55
35
54
30
36
27
42
51
34
29
56
46
49
31
47
60
68
38
54
55
53
39
50
34
30
33
39
44
53
49
30
40
34
45
56
44
31
55
48
44
40
45
55
53
46
33
45
47
52
31
51
34
47
44
45
59
49
39
46
35
49
48
40
43
47
43
42
82
75
78
94
59
84
77
68
66
77
95
85
84
71
66
80
68
93
90
89
78
75
63
97
89
76
65
86
68
59
78
53
74
70
56
89
74
77
86
63
68
57
81
72
65
56
62
77
64
59
82
71
73
67
91
64
69
82
56
73
63
67
87
71
79
83
68
72
55
74
51
81
90
82
86
85
81
83
66
65
66
98
71
65
67
69
75
60
65
97
79
66
69
82
75
99
79
77
74
64
76
73
67
80
88
67
70
74
78
63
73
77
90
72
73
60
81
87
85
80
77
67
94
85
92
54
75
63
64
63
73
62
71
76
72
65
76
84
67
69
73
74
77
68
75
79
83
70
64
51
72
64
88
66
72
91
71
72
77
60
75
88
87
64
70
71
74
76
79
91
65
86
87
73
56
63
71
58
68
80
66
60
69
70
85
75
70
84
66
72
84
61
65
104
52
67
84
73
80
68
57
66
74
82
70
65
81
77
59
84
69
75
75
86
84
77
88
61
60
71
63
66
64
48
90
71
62
76
67
68
73
92
61
77
57
55
83
71
70
83
66
48
74
59
66
66
58
74
75
61
69
70
68
68
92
70
102
76
64
73
64
64
61
75
65
62
79
90
69
72
90
67
57
71
73
62
79
80
86
76
67
75
69
72
55
81
61
103
62
76
64
80
73
65
96
84
61
61
69
106
75
63
76
86
62
69
68
67
98
92
67
77
74
52
87
76
66
94
61
60
75
68
90
75
96
61
96
58
100
86
81
89
95
57
76
65
56
104
79
59
68
93
72
85
73
86
77
73
99
66
83
97
67
67
61
75
81
65
65
66
77
89
61
58
60
68
73
62
69
79
74
62
73
59
59
59
70
73
62
71
64
89
90
71
79
75
92
83
80
66
69
65
62
92
88
95
75
84
69
75
74
80
83
65
69
86
65
72
54
61
75
70
62
81
84
49
61
72
63
92
71
87
65
57
56
81
52
69
84
69
55
96
79
69
62
84
91
69
98
96
76
71
70
75
72
105
65
67
68
89
81
76
71
84
80
69
66
58
74
69
94
77
64
69
62
81
74
52
72
66
105
102
66
83
61
68
62
61
95
84
92
72
79
85
84
60
68
74
94
75
58
67
72
92
66
92
60
54
64
62
95
54
86
79
94
60
77
58
60
76
91
75
97
61
65
49
80
79
84
83
69
52
76
60
86
84
71
68
62
75
93
67
69
76
71
82
57
60
68
94
70
70
74
80
57
101
62
75
91
84
62
58
76
67
70
60
79
79
101
66
78
74
69
69
58
73
75
75
70
78
80
70
73
67
102
93
79
71
75
77
74
85
65
83
49
70
69
62
64
83
82
94
62
68
71
71
87
71
57
77
66
102
66
73
72
102
82
65
79
53
76
65
66
100
82
58
69
65
67
69
59
84
78
73
80
71
68
70
65
85
80
70
69
60
77
63
69
76
58
71
65
98
101
81
72
55
69
84
73
81
63
80
56
85
98
85
77
74
86
63
66
80
69
58
78
69
91
87
82
87
65
67
78
74
62
87
75
73
67
63
74
59
62
95
68
70
67
81
57
57
69
83
72
72
70
68
73
68
67
72
72
83
88
88
95
67
63
85
80
86
72
92
65
76
65
90
75
65
70
61
69
64
67
80
70
84
73
94
78
76
76
54
100
62
84
94
61
68
55
77
81
90
75
55
64
84
78
63
76
67
71
83
64
65
88
81
78
63
60
69
61
84
91
62
66
68
97
71
75
68
70
74
82
80
81
60
80
76
73
98
81
79
64
79
68
83
88
75
64
64
70
69
67
82
71
67
77
82
85
82
66
69
68
78
84
59
79
55
75
79
80
66
69
93
89
67
69
91
67
57
69
73
74
58
78
64
92
73
98
96
64
86
80
64
84
76
87
78
91
95
64
93
92
90
85
81
86
65
73
80
71
97
66
84
61
62
78
97
87
71
88
99
88
70
109
70
59
71
98
71
67
67
73
80
54
82
74
82
57
80
67
84
84
69
59
70
84
74
70
62
86
64
58
92
88
85
72
82
94
69
49
57
87
64
92
66
84
83
72
62
77
85
95
94
72
96
77
87
86
85
70
72
92
90
80
63
69
89
87
67
89
54
81
61
54
70
72
57
57
73
93
91
60
70
71
89
90
76
67
76
64
83
77
81
61
81
87
85
75
89
76
79
74
71
62
60
71
73
62
66
64
75
77
65
64
93
64
71
73
84
64
90
78
48
76
66
68
74
74
71
70
82
68
65
76
82
93
53
66
79
63
85
72
78
72
76
62
80
76
59
57
55
73
68
71
73
79
61
75
68
65
82
56
68
61
59
75
63
87
56
65
71
69
72
82
83
78
77
85
87
90
58
93
57
83
64
64
85
77
79
84
84
69
83
65
61
58
81
61
94
80
101
67
67
89
52
71
84
63
74
73
78
68
60
77
72
68
64
96
65
64
73
61
65
63
76
57
80
85
74
99
77
88
70
58
79
77
80
59
61
73
71
70
91
62
86
70
70
78
62
58
81
75
60
88
79
59
77
62
52
74
56
83
74
59
67
56
81
101
58
66
85
69
86
102
96
66
71
70
98
74
81
87
88
77
63
76
69
61
76
95
82
56
76
73
65
80
67
70
63
57
97
61
85
71
70
84
64
67
95
78
72
70
69
67
59
67
60
70
81
60
56
90
65
96
86
78
78
66
79
80
62
56
79
78
73
68
91
87
68
68
61
73
62
74
74
67
54
67
68
68
64
82
89
68
82
85
61
79
62
82
81
51
82
73
65
55
61
79
79
70
61
80
78
74
81
76
57
85
68
55
85
52
82
87
64
72
78
84
87
70
90
80
82
85
90
80
83
68
59
86
70
59
87
72
73
102
54
74
81
77
77
89
63
94
77
85
87
59
66
80
87
73
67
58
72
76
63
87
88
83
73
93
76
63
85
83
73
80
75
95
94
66
83
69
70
57
72
79
74
62
68
68
82
85
74
78
69
75
67
73
66
60
84
90
82
76
74
74
91
70
62
69
82
85
68
81
65
65
85
63
78
78
93
71
72
71
82
79
67
87
54
71
74
96
101
60
78
61
81
73
71
65
69
62
74
83
61
100
79
62
79
67
69
61
64
96
60
77
58
68
76
57
76
76
58
73
60
68
55
59
62
69
80
62
84
85
90
82
72
95
81
64
84
73
60
80
73
55
83
73
81
76
75
68
84
67
74
64
87
74
75
86
67
87
84
81
66
74
77
71
57
61
72
66
76
66
72
83
71
69
58
64
67
96
81
65
68
78
60
80
68
86
68
69
76
62
73
65
59
85
85
78
79
84
86
80
88
71
56
69
84
72
76
60
53
65
77
76
84
81
67
69
84
73
75
68
62
76
64
59
90
86
67
74
73
60
59
73
93
58
75
55
65
62
67
74
69
81
59
81
78
69
59
78
70
88
71
72
104
71
54
77
68
72
69
71
68
71
62
88
61
84
73
79
66
63
85
62
89
76
69
67
64
81
77
94
74
66
71
74
61
89
95
90
58
96
65
71
79
68
81
74
54
87
71
87
84
76
69
86
98
55
78
62
51
72
77
66
62
63
78
79
69
60
78
72
76
76
76
82
51
80
63
92
64
68
70
65
60
78
85
64
70
69
98
76
63
79
51
84
58
90
79
67
69
57
61
75
81
96
100
66
84
89
77
61
60
75
75
81
57
80
87
84
86
83
76
80
57
83
93
82
66
86
70
66
74
81
73
73
71
64
71
80
74
72
80
87
83
86
78
75
52
64
60
65
64
81
70
73
81
84
87
57
80
59
78
63
81
59
72
93
59
95
78
79
71
68
96
67
77
74
91
79
70
60
64
57
76
92
100
80
68
70
76
71
58
82
63
92
81
60
87
67
79
66
53
78
81
82
71
68
100
54
61
55
65
69
71
89
79
71
73
67
52
86
58
62
70
74
98
59
63
61
76
62
82
92
75
55
66
65
93
54
70
90
69
68
57
71
65
62
77
69
83
70
76
70
72
69
68
73
89
72
76
91
91
64
95
74
66
63
94
72
66
95
93
68
66
74
81
63
67
74
98
62
54
61
59
86
72
80
76
68
93
68
64
69
72
76
70
70
71
66
70
65
92
63
76
62
71
96
66
87
85
62
75
74
64
86
84
64
54
74
69
67
65
73
55
66
60
74
82
60
85
66
84
72
67
61
89
85
79
80
83
89
90
77
58
60
91
80
78
61
85
62
67
82
60
80
82
87
74
81
93
84
60
61
59
70
84
91
60
75
57
75
70
68
95
93
83
80
73
68
70
103
68
85
82
76
92
65
62
74
70
60
63
63
74
70
67
55
70
67
65
62
67
87
90
81
65
67
68
76
92
63
59
58
61
71
65
71
76
59
93
72
72
96
60
71
80
53
96
70
93
87
92
79
93
66
72
65
89
78
63
73
64
61
98
82
73
81
58
62
77
64
76
77
85
68
74
85
63
71
72
81
80
79
78
79
64
73
54
55
65
65
79
81
71
67
66
71
92
71
70
74
61
53
74
92
80
63
73
69
70
60
76
68
57
78
86
91
63
59
70
69
69
68
73
86
86
58
68
60
79
62
105
74
72
66
66
70
73
86
89
88
87
62
59
82
66
74
65
66
83
63
67
76
53
60
57
73
70
73
67
59
79
74
96
73
68
77
89
73
55
73
73
88
78
66
69
61
77
74
72
91
74
76
74
63
84
88
66
60
97
53
62
80
81
75
73
62
68
92
72
58
77
76
79
74
100
87
52
82
76
60
74
73
68
80
54
74
56
73
86
54
59
51
60
74
59
62
93
103
62
71
88
53
88
73
69
71
61
86
55
62
66
70
61
53
90
82
65
101
73
56
64
61
83
57
99
68
84
50
90
76
71
65
66
90
75
55
82
56
86
73
58
59
54
85
97
89
86
53
75
56
66
47
85
55
73
74
67
66
75
63
92
70
56
72
85
85
86
75
82
71
67
79
90
78
70
53
61
47
61
67
81
54
59
62
74
78
61
65
63
70
70
68
78
88
85
97
90
71
65
63
66
69
73
56
83
66
90
69
77
82
70
91
64
77
57
56
70
61
86
86
67
73
77
86
88
66
59
77
57
82
67
89
90
79
93
64
75
73
65
85
70
72
68
75
75
55
88
84
79
71
67
77
87
70
79
92
63
60
82
71
76
62
50
55
62
87
72
73
61
67
71
68
53
60
65
69
79
92
76
88
88
76
79
66
87
76
75
66
81
93
89
69
79
72
72
75
78
58
70
81
74
72
65
71
89
83
102
52
79
66
92
63
91
62
106
70
75
80
58
78
70
69
79
88
84
67
71
90
75
59
79
91
71
87
67
88
78
65
76
52
62
89
78
103
59
85
57
60
61
75
82
56
64
101
70
76
90
66
82
71
79
68
59
79
96
68
70
79
63
58
60
77
89
58
70
55
84
70
76
72
60
74
75
82
68
93
72
71
60
74
88
58
69
77
73
87
66
82
82
82
55
52
75
61
71
100
68
90
65
75
64
70
59
51
71
100
55
81
71
81
84
60
96
65
63
66
61
74
62
66
68
85
66
98
83
65
69
74
54
83
87
59
64
78
71
50
81
77
80
76
67
78
96
75
88
83
84
67
101
72
55
80
94
69
65
84
63
74
64
63
84
61
73
66
69
79
68
69
82
76
56
79
64
58
61
93
88
80
70
48
80
72
87
54
82
57
63
80
88
77
47
74
82
56
80
74
80
63
78
79
58
47
90
60
55
53
81
92
78
84
70
66
61
82
76
78
80
69
64
86
63
74
86
82
65
68
73
87
61
72
72
69
83
100
59
82
92
71
70
68
61
93
81
59
64
60
48
72
84
69
88
78
73
67
65
92
73
70
79
56
89
47
87
70
73
79
68
106
78
61
58
69
73
67
95
78
62
94
59
83
77
70
78
61
57
60
77
98
66
58
60
69
74
68
77
73
65
72
78
74
82
75
89
61
84
95
74
79
92
97
73
85
92
72
69
88
96
84
62
74
74
70
74
66
81
74
74
65
80
94
67
79
82
70
79
81
68
88
86
66
81
65
56
71
65
71
74
76
64
86
83
90
62
73
89
70
60
66
82
62
59
91
70
63
67
91
90
62
82
66
90
84
83
71
75
101
88
86
96
61
64
64
62
78
70
74
68
92
72
90
89
83
59
83
65
63
83
80
71
81
69
69
89
78
53
82
71
77
55
75
69
79
93
82
80
70
71
80
85
72
95
70
83
68
74
70
51
74
58
98
69
61
70
75
50
76
77
56
56
60
74
74
80
70
60
74
84
87
54
68
68
51
91
61
53
73
75
67
71
76
96
81
95
78
63
82
63
79
63
69
87
73
97
58
70
84
62
68
74
76
67
65
89
83
59
59
77
62
69
97
62
72
80
66
93
72
82
81
85
68
86
53
74
59
70
58
74
59
95
83
88
85
92
77
67
86
84
86
80
72
72
57
81
94
95
91
100
86
82
84
123
90
82
100
113
91
99
110
115
110
147
132
98
95
106
93
84
105
92
112
109
118
113
126
112
110
92
103
111
103
95
121
97
106
93
145
107
112
92
114
83
97
86
76
118
102
112
98
101
94
95
108
101
93
119
103
99
118
88
95
93
109
101
107
112
111
114
103
107
98
139
104
93
92
96
100
103
104
106
124
93
131
105
82
106
124
108
103
112
118
107
87
95
90
102
104
96
96
95
110
104
128
95
109
129
91
85
112
107
116
115
107
99
97
98
96
94
96
106
94
90
102
106
116
90
84
95
107
111
115
118
106
98
136
102
98
121
104
115
126
106
104
89
98
112
84
87
103
112
90
99
110
79
98
106
92
112
90
90
99
92
118
96
114
112
94
90
88
116
111
92
133
76
107
124
118
127
89
86
91
125
101
107
98
90
84
102
107
105
103
91
83
80
95
105
85
90
121
99
117
102
106
105
120
116
109
91
98
99
119
126
108
109
110
110
125
124
83
99
128
113
89
89
104
123
103
90
116
118
92
111
129
129
106
114
111
100
101
105
95
104
108
120
123
81
105
90
122
94
102
111
104
110
105
119
103
113
124
108
103
110
105
96
85
106
115
123
124
96
105
94
92
99
85
87
104
105
124
96
94
122
97
102
86
103
126
104
114
120
96
102
117
125
90
89
100
108
123
115
104
103
106
114
103
95
90
119
116
99
102
83
92
103
93
109
106
98
94
115
103
81
119
104
137
89
100
111
141
105
95
111
88
103
82
94
134
94
110
111
99
98
108
118
123
95
135
109
118
108
110
122
103
106
101
96
102
109
92
94
109
95
110
119
130
117
120
103
90
119
84
111
127
104
118
127
102
103
85
111
133
101
110
104
95
116
127
87
104
109
120
115
113
85
80
113
123
106
102
113
88
114
124
91
130
105
108
89
77
99
114
80
116
113
88
136
105
125
86
106
138
127
78
95
112
103
105
104
115
96
112
124
71
94
120
111
87
96
104
121
102
109
99
99
103
102
117
107
89
92
125
119
102
97
93
121
95
111
124
101
102
106
113
113
93
116
109
104
93
111
124
106
121
112
96
106
124
95
111
110
116
91
112
125
110
96
132
124
80
116
114
109
97
92
130
99
94
140
115
119
114
120
120
111
101
120
87
121
90
115
89
105
105
102
117
111
116
118
123
114
109
90
92
114
133
108
104
107
114
110
104
101
101
88
108
103
116
136
92
89
105
120
104
87
99
95
102
92
143
81
110
95
112
111
104
113
107
90
95
109
120
126
105
104
97
116
110
103
99
90
109
83
103
70
86
92
132
75
109
85
100
105
91
116
106
113
116
98
113
111
120
105
127
123
116
79
86
98
92
92
118
96
119
116
125
112
96
86
118
109
87
111
101
117
109
107
106
107
111
86
102
97
118
106
97
121
104
124
102
113
106
123
123
89
104
99
111
118
132
91
99
105
100
124
122
99
100
92
119
103
121
118
133
113
124
119
91
71
117
108
108
101
95
80
106
100
86
126
122
120
79
112
116
92
105
100
102
93
102
115
119
119
104
113
97
99
133
98
100
119
122
102
97
119
117
129
117
100
79
129
111
113
82
98
134
115
85
117
110
98
126
107
114
121
108
113
122
91
96
100
95
119
102
102
109
121
109
85
110
77
103
81
116
108
105
109
113
86
116
108
137
106
112
112
98
109
126
130
84
100
118
121
92
124
131
94
100
85
95
94
109
104
99
108
97
144
117
106
86
94
90
78
107
122
106
104
113
132
95
124
115
125
107
126
109
125
98
114
106
91
102
90
100
85
120
108
117
110
101
111
77
121
110
119
110
90
117
127
122
124
88
95
114
115
114
100
116
118
101
92
88
119
106
109
125
91
103
85
103
114
78
104
108
105
93
90
100
85
79
116
123
88
90
119
97
101
85
89
92
114
97
93
111
99
94
95
77
101
122
127
105
92
86
118
98
115
111
91
104
120
109
99
124
122
107
114
84
91
84
127
117
102
117
91
117
102
136
101
101
131
98
112
103
94
96
89
107
93
100
106
121
109
97
95
90
128
103
86
98
105
134
116
118
109
119
92
130
96
114
105
124
96
90
97
86
123
99
128
107
104
89
91
118
120
110
119
104
116
82
90
150
90
105
112
88
95
102
112
102
89
110
105
108
107
105
102
90
110
88
107
114
115
104
95
99
79
107
123
86
106
99
143
95
102
95
118
112
91
94
100
120
119
95
98
134
115
131
94
106
122
93
102
96
125
124
96
101
103
104
94
115
99
102
117
121
132
96
115
95
115
94
90
129
138
126
93
112
125
102
98
122
98
94
130
100
119
97
118
121
96
84
108
121
131
104
111
101
123
133
115
103
114
117
97
128
142
119
126
94
95
119
103
95
120
109
114
95
88
91
120
126
100
105
96
119
96
95
98
102
115
89
119
118
110
104
103
110
114
107
117
114
106
122
130
87
110
119
83
79
89
145
94
95
85
96
108
94
90
111
140
104
90
100
103
145
120
126
118
112
117
101
95
84
115
111
79
84
117
106
93
102
110
115
137
109
102
135
159
104
125
124
110
141
120
109
97
118
97
126
103
99
103
105
109
115
103
147
119
116
131
110
140
112
121
135
126
98
141
135
104
86
96
139
126
116
89
115
144
105
94
125
97
77
104
103
91
95
104
106
121
102
124
102
115
93
94
94
104
100
111
124
118
97
92
97
120
108
128
86
107
92
97
137
133
146
118
88
118
101
123
111
142
113
115
108
121
114
84
98
107
111
90
109
93
105
110
104
132
104
115
85
99
69
81
117
121
117
109
90
129
117
104
129
123
96
102
115
116
96
89
104
114
115
112
121
94
127
101
171
100
149
147
117
122
151
137
133
158
102
102
148
154
107
129
118
104
134
102
131
107
116
94
99
135
115
112
91
122
120
148
118
134
117
97
104
100
114
110
112
141
100
137
106
128
111
142
89
125
125
105
144
113
104
152
105
117
133
87
147
95
148
114
83
111
152
115
101
115
125
108
101
116
126
144
109
132
147
107
102
109
141
141
98
125
109
113
108
111
136
108
107
124
93
93
139
105
115
116
111
99
98
98
105
123
127
98
118
121
105
100
131
93
97
134
99
136
111
111
110
132
118
121
170
159
189
170
193
213
168
173
225
204
227
213
174
175
186
218
209
146
177
206
159
160
204
236
217
194
193
148
201
157
210
197
144
163
162
155
191
187
231
174
198
175
183
185
185
154
176
181
221
177
200
182
212
184
179
151
209
226
179
147
168
146
142
118
128
122
113
151
121
121
129
106
105
128
100
138
138
88
105
130
150
123
136
93
117
115
127
116
140
126
141
104
114
96
112
126
129
130
131
119
98
108
123
113
152
110
112
155
104
115
116
98
99
95
94
113
115
119
90
137
107
117
128
149
129
98
126
123
96
94
124
128
125
128
103
125
113
105
83
129
123
102
133
96
134
143
118
127
114
128
108
111
92
127
89
103
109
118
94
109
108
150
122
97
97
130
105
98
100
96
103
109
131
97
94
122
105
131
100
98
115
98
110
103
86
111
120
107
125
104
113
133
97
91
100
130
99
93
106
122
120
116
92
132
111
113
130
106
105
103
92
116
83
98
128
111
102
115
136
98
110
91
105
101
119
124
121
108
119
112
95
81
98
110
126
100
104
107
94
96
83
89
137
96
126
115
90
83
102
109
96
108
115
108
109
115
110
117
110
115
98
133
95
108
118
95
92
114
119
107
87
93
94
119
103
101
128
97
132
107
119
134
129
109
94
113
116
104
113
117
98
114
108
100
122
97
132
94
99
109
110
90
102
94
112
125
122
127
96
142
122
125
105
125
89
134
140
87
126
115
112
128
111
132
87
111
105
100
96
79
95
114
112
123
106
112
101
116
119
125
108
114
107
109
88
100
111
138
103
109
106
137
107
128
114
114
100
108
102
95
98
111
114
151
93
132
92
105
87
113
105
126
125
121
104
111
126
93
109
121
104
75
79
103
96
125
98
124
117
99
115
137
119
110
97
101
135
101
97
131
109
119
119
126
139
99
132
104
117
100
137
141
124
103
142
130
151
122
100
127
117
116
91
84
109
127
101
129
109
108
159
125
129
124
145
96
140
105
160
131
116
150
113
117
86
104
148
136
170
101
108
136
141
79
124
98
90
158
143
106
134
136
161
123
149
152
125
125
115
148
145
153
140
128
159
151
147
124
138
131
145
117
117
180
167
175
119
136
150
148
148
152
155
105
132
180
152
139
104
165
158
130
125
152
144
203
181
116
144
143
186
148
172
144
121
152
133
213
171
204
114
170
157
193
206
187
142
125
204
143
154
179
154
134
196
127
165
149
125
125
113
141
130
222
149
140
109
125
138
122
146
168
187
173
194
166
128
127
160
155
133
171
192
167
135
121
208
186
209
213
180
131
180
134
115
149
127
89
124
106
130
100
127
107
124
138
141
108
189
125
116
131
115
111
116
89
142
129
116
114
87
136
124
95
92
133
117
101
115
115
133
103
111
156
114
95
109
93
131
117
99
99
83
113
119
125
84
104
104
100
120
117
79
137
86
79
106
128
128
125
103
92
149
109
106
88
124
138
125
95
113
98
101
113
98
107
122
118
148
121
111
138
98
98
95
97
92
113
100
88
105
92
127
98
94
100
112
117
103
90
113
121
109
129
98
104
83
87
96
97
143
85
124
98
87
138
111
118
105
114
89
103
117
114
114
108
130
89
111
97
111
122
119
123
111
96
124
128
131
130
107
136
131
87
137
121
114
108
107
103
105
92
108
94
111
86
152
126
125
98
150
144
115
106
109
121
110
114
101
105
99
105
104
100
78
100
99
96
116
92
102
108
95
131
94
99
116
89
132
109
114
118
111
118
124
103
126
101
116
104
129
115
84
127
106
100
114
94
122
109
104
107
130
91
115
107
84
111
115
107
123
119
98
108
111
100
89
110
120
100
95
86
108
86
101
87
111
103
119
114
123
128
135
119
118
106
116
124
100
103
124
142
108
121
122
88
104
109
74
115
144
141
159
121
142
143
115
115
115
140
142
155
158
144
138
125
134
144
135
129
196
135
165
188
143
132
130
149
170
131
152
153
173
164
144
173
147
146
141
200
182
144
188
146
181
170
181
132
204
148
133
186
162
169
139
169
130
200
149
193
150
182
166
139
147
