20
11
12
24
19
4
278
169
57
26
117
23
57
26
75
30
48
49
32
79
55
67
18
13
13
19
6
26
108
27
493
42
21
51
19
29
5
39
62
68
188
20
35
23
8
29
120
12
12
6
515
34
32
46
66
6
88
23
13
53
50
100
35
387
14
8
65
41
253
8
31
34
25
16
34
13
41
7
10
17
11
9
23
104
189
18
20
43
32
16
19
11
71
5
40
38
58
17
24
24
8
30
24
190
61
44
38
74
41
112
9
15
16
9
11
142
17
72
6
87
528
322
52
24
299
6
7
21
55
70
8
25
115
348
50
23
50
174
149
2
40
24
7
241
264
37
122
37
5
31
25
12
59
29
5
147
133
26
93
18
7
89
3
130
32
49
26
81
163
278
73
42
37
11
97
20
19
59
13
16
31
50
9
123
75
24
501
104
33
13
43
5
31
93
12
73
8
29
34
47
5
938
31
21
219
96
55
10
119
152
30
23
28
56
39
116
7
13
44
35
18
27
183
44
28
110
11
15
38
15
20
29
133
13
76
10
5
57
447
50
17
58
24
68
14
49
54
51
8
161
11
6
23
168
68
26
29
16
46
9
38
69
48
109
25
18
31
41
19
34
33
270
25
26
42
18
39
58
119
41
19
4
22
19
14
42
13
31
73
118
88
56
255
72
39
7
137
163
60
74
69
11
15
62
53
41
94
8
42
24
29
17
28
20
74
53
14
18
62
115
46
18
463
7
23
17
21
7
56
248
88
12
5
23
165
33
6
2
16
25
89
207
31
336
13
98
9
5
26
39
43
145
44
76
30
210
58
71
16
74
33
8
20
236
26
72
972
43
708
52
83
302
31
35
22
9
66
1227
122
52
100
29
155
71
81
15
163
24
211
46
25
85
16
6
22
161
13
132
1240
122
113
8
10
8
50
7
94
159
39
18
21
43
8
22
13
70
43
236
39
5
15
69
35
130
34
26
16
16
97
27
77
82
4
45
75
20
74
4
378
128
13
33
11
179
13
17
39
172
32
4
77
235
15
214
143
183
77
59
23
95
109
17
14
49
23
28
17
21
41
399
45
8
17
23
88
18
140
44
17
14
84
54
98
53
64
1009
31
98
11
5
23
10
25
41
69
23
10
27
47
73
22
6
69
8
58
43
32
78
154
10
21
117
221
56
19
53
116
46
31
10
210
24
357
73
36
17
1009
14
62
6
26
30
21
32
139
92
263
281
108
151
30
8
24
23
48
117
63
22
172
5
16
96
165
27
27
51
61
42
30
25
142
140
32
22
22
41
50
22
47
21
6
34
471
8
52
13
48
30
488
8
13
78
2
20
183
89
249
11
13
85
23
9
146
310
413
6
99
280
13
104
58
342
84
26
40
94
27
11
19
34
12
13
72
26
17
12
246
31
26
12
22
3
22
50
15
30
48
200
36
7
34
25
62
24
406
61
6
53
49
12
66
40
21
18
30
36
25
99
19
51
48
393
53
63
77
68
19
21
42
141
259
80
27
24
158
178
289
55
84
24
26
40
4
54
81
9
130
17
13
19
30
35
306
190
28
258
14
652
114
281
53
26
22
79
222
57
25
43
45
53
172
80
180
31
38
205
21
16
27
2
46
136
32
5
452
19
8
175
10
95
21
85
27
21
406
26
83
27
139
106
21
37
16
27
102
11
217
145
73
299
3
161
416
102
561
53
113
30
85
104
60
130
14
99
105
20
5
55
62
27
80
177
477
30
17
1410
157
98
52
54
6
272
102
85
31
10
308
9
122
23
46
164
146
12
406
41
19
33
43
1537
342
16
51
83
23
217
70
129
73
16
109
14
74
42
154
47
205
74
8
23
72
158
20
64
26
994
12
58
58
14
5
72
10
17
6
286
22
73
61
24
8
191
15
27
21
14
21
462
33
155
57
91
7
83
65
20
174
202
33
258
46
85
6
41
15
32
95
169
267
47
53
114
67
50
6
56
39
209
22
24
35
21
145
40
16
120
503
79
11
70
926
132
115
32
207
291
346
65
37
37
5
10
354
892
39
63
24
17
160
42
27
229
39
34
24
102
109
20
43
42
19
199
1461
10
17
35
74
276
8
254
71
16
111
15
17
15
38
262
5
5
335
14
4
123
24
27
19
23
17
61
17
12
50
12
27
83
20
148
21
112
35
85
109
50
25
53
85
47
726
55
1546
80
33
27
32
80
14
1066
84
69
27
5
7
515
48
229
36
11
421
24
2189
9
64
15
30
18
267
39
117
31
39
450
230
231
41
35
38
21
53
1235
21
19
7
9
23
8
17
35
6
26
34
229
29
13
57
23
16
91
191
55
106
64
27
8
24
82
721
29
162
114
49
17
21
16
24
658
140
99
170
97
419
18
3
353
8
236
14
86
19
12
24
45
32
7
854
31
82
18
69
67
25
33
71
71
23
48
12
11
108
18
68
31
3
7
38
21
10
44
111
124
24
202
337
12
318
100
112
27
29
330
88
17
14
47
385
47
17
69
105
71
29
10
743
207
1416
102
67
126
27
70
59
123
35
279
42
42
4
5
50
123
4
100
25
83
24
157
16
25
52
30
18
53
70
38
252
24
5
11
77
71
15
157
14
65
103
94
40
91
42
116
57
227
47
9
154
20
6
368
81
123
36
345
50
23
90
24
17
164
15
45
75
80
269
731
24
3
39
48
14
16
3
112
58
18
22
478
28
62
47
647
20
487
114
14
124
4
89
141
37
17
34
147
76
2
27
76
789
39
95
22
47
4
42
46
265
22
61
17
33
11
10
36
28
31
174
15
43
22
9
4
22
22
10
23
14
102
40
27
24
52
45
236
26
96
20
16
92
114
18
56
5
84
12
40
66
54
20
142
31
24
17
50
44
91
47
135
31
70
743
137
53
3
32
362
13
51
69
16
29
190
74
527
23
24
44
19
47
10
41
85
12
11
56
76
57
30
53
4
26
161
243
54
95
13
20
30
126
26
85
20
38
132
20
39
22
23
215
529
137
245
24
56
246
13
84
102
402
5
23
43
51
69
48
214
102
1007
492
652
32
11
69
85
419
28
22
88
5
165
13
51
248
207
142
43
1285
170
822
28
138
32
315
31
48
89
47
62
160
6
17
73
28
38
19
19
20
149
40
68
132
13
27
31
56
75
6
54
67
5
18
60
33
20
678
4
16
25
182
10
133
6
114
8
573
15
18
5
20
49
348
17
29
263
104
33
127
349
15
63
15
321
24
116
57
52
14
21
18
13
15
5
145
17
10
65
37
84
10
29
10
15
7
156
94
209
17
9
59
351
218
701
193
27
9
18
187
1567
84
22
13
33
25
21
20
43
866
5
104
45
53
37
106
108
8
49
58
36
10
248
113
402
45
69
16
4
57
3
68
25
25
172
52
67
122
67
25
9
135
308
7
158
73
42
9
16
72
123
145
24
345
46
60
77
14
15
20
95
6
104
31
22
9
587
16
29
17
12
12
105
20
1001
206
169
27
404
95
60
59
27
49
15
77
136
418
7
61
190
12
148
120
129
86
98
95
11
9
79
660
36
514
16
78
9
13
111
87
27
29
64
86
32
20
188
78
40
31
34
32
23
83
186
190
91
184
14
185
154
53
43
151
23
697
28
38
110
15
32
185
61
24
59
1783
263
20
21
55
28
18
45
20
251
121
93
53
14
6
9
22
35
87
3
32
26
82
27
249
59
52
28
53
132
55
65
144
8
36
82
179
35
43
167
79
57
99
16
116
22
34
179
8
143
15
15
19
103
17
22
22
56
19
61
10
20
389
14
5
540
576
486
28
33
53
33
19
171
17
17
80
428
192
147
37
159
12
27
7
173
28
391
43
3
37
11
4
42
31
30
13
325
6
254
41
24
22
48
23
51
15
181
8
152
6
23
39
6
159
12
18
10
65
53
45
19
51
77
1159
156
24
37
393
27
441
298
38
196
35
43
26
1226
58
96
381
170
34
46
40
288
75
22
8
36
202
62
745
14
37
4
93
22
18
16
92
29
28
33
77
255
21
106
67
27
30
17
22
35
13
84
53
11
48
90
84
625
64
52
69
31
11
342
198
138
309
10
172
71
671
68
164
15
35
47
69
18
64
92
92
29
5
13
134
71
15
62
92
96
119
693
30
19
292
25
52
14
96
130
92
25
8
135
100
190
68
45
32
265
727
90
44
64
1396
19
58
92
84
26
7
55
132
43
21
4
74
99
24
196
7
61
13
672
99
135
480
37
69
20
24
14
67
61
54
55
610
111
46
10
31
109
21
39
46
73
97
13
46
21
83
199
60
40
23
57
47
89
19
45
60
74
78
44
149
392
198
17
85
33
883
14
200
376
312
202
1011
565
256
56
402
187
46
81
12
710
66
8
111
104
80
17
18
13
208
18
69
61
63
17
395
9
7
8
60
55
994
63
96
205
40
25
109
11
51
26
374
69
42
41
363
17
91
322
252
42
35
19
32
38
317
12
250
13
70
116
60
63
11
116
55
51
16
68
8
273
106
17
30
87
8
10
490
28
72
16
75
93
14
105
207
31
63
25
31
40
30
57
66
247
3
106
9
34
9
67
48
28
74
22
7
83
63
19
12
140
333
9
40
72
26
46
56
40
11
98
71
13
17
443
36
106
108
31
51
111
55
73
21
76
84
82
9
104
70
271
47
16
51
24
9
52
21
11
42
17
606
72
718
85
60
13
34
27
38
173
35
47
107
15
16
85
27
15
26
109
190
122
66
74
14
6
56
48
49
27
35
10
10
85
78
49
206
125
6
11
79
95
24
53
15
34
95
30
121
16
74
4
162
93
22
25
99
27
115
63
45
108
190
37
15
24
273
116
36
9
339
140
26
24
3
49
32
44
69
116
134
6
55
80
17
53
25
17
53
294
10
32
31
260
26
72
10
37
57
17
24
25
11
82
19
29
11
395
15
635
76
10
44
7
27
19
6
549
39
30
55
401
39
22
13
63
85
21
40
4
21
26
20
120
43
194
23
22
259
7
5
15
43
53
22
21
201
10
36
14
34
160
126
12
77
14
164
137
6
380
34
51
670
77
22
53
19
75
73
10
220
44
27
8
12
6
3
24
16
14
36
38
11
104
1007
161
43
13
187
129
31
26
30
163
44
11
10
11
177
78
50
35
26
169
11
8
29
21
24
3
27
96
48
25
13
117
100
114
7
10
21
36
37
27
26
11
7
90
43
37
21
9
5
214
635
51
35
43
24
78
194
24
64
13
36
26
59
88
4
18
213
40
15
453
12
15
33
1082
38
18
66
88
214
85
538
7
84
25
31
74
23
1150
27
28
30
159
119
92
16
227
50
7
88
4
43
6
23
9
29
25
14
143
25
138
50
9
12
55
6
35
34
86
49
159
10
62
51
35
108
39
25
44
49
74
7
8
63
19
10
31
301
57
52
238
60
21
27
148
115
488
31
1012
117
5
61
60
10
494
34
373
119
233
165
18
50
18
90
397
117
31
29
119
5
41
67
100
21
3
192
49
107
29
268
22
23
53
94
60
177
22
1030
85
159
221
31
61
93
81
17
85
82
23
52
243
293
978
68
498
51
79
15
261
36
5
70
23
11
17
19
13
17
109
188
14
10
143
27
170
7
16
63
6
110
82
86
96
74
239
365
154
26
17
11
62
34
76
469
20
47
144
108
62
21
104
72
57
72
38
28
28
81
17
44
442
29
11
190
9
189
57
52
47
42
21
119
27
7
62
160
33
31
39
33
30
69
36
47
31
152
206
20
11
189
4
41
3081
39
168
104
93
25
619
125
222
751
23
32
505
33
121
58
50
150
19
32
28
61
80
31
896
883
28
54
33
717
9
53
429
39
6
79
21
27
847
36
256
34
197
110
21
10
73
157
842
37
95
80
25
36
13
349
4
65
38
21
307
476
18
280
90
139
67
43
75
36
43
170
36
5
5
556
125
17
71
66
5
10
34
26
24
64
265
75
69
27
27
15
16
337
157
54
184
142
24
17
445
25
80
133
95
16
13
93
5
127
59
105
13
22
34
28
45
19
9
43
71
18
26
92
428
63
20
10
512
20
53
296
177
102
94
25
312
125
4
9
240
22
84
74
42
26
31
105
133
284
221
143
12
140
442
16
15
9
42
23
15
21
35
19
41
16
47
9
92
22
204
24
78
45
15
115
17
121
49
252
308
23
53
58
33
13
111
10
76
144
146
43
172
106
36
155
38
96
29
1139
226
57
138
657
29
28
44
59
36
129
31
57
826
41
359
90
72
343
20
36
43
26
118
41
23
567
64
77
15
61
103
18
181
32
39
91
93
296
47
49
96
175
64
201
193
293
6
55
7
113
101
14
1486
35
189
11
14
43
6
22
37
131
85
131
44
154
96
224
45
38
24
93
208
100
65
191
377
48
45
343
214
22
40
14
10
26
19
53
30
32
660
27
16
31
279
210
59
74
135
6
128
2
17
79
16
245
69
15
9
54
48
41
39
11
54
277
95
108
131
339
69
561
23
166
43
25
29
272
18
36
135
38
77
211
110
95
55
114
13
483
315
114
77
64
11
40
12
144
15
81
5
99
63
106
431
75
13
24
27
163
238
9
247
117
123
94
248
96
16
7
11
51
64
88
20
11
5
53
38
64
83
142
28
6
14
54
17
83
444
120
63
13
62
36
72
555
31
671
263
27
44
101
7
92
91
8
56
127
25
72
126
9
292
88
46
10
44
15
65
6
229
81
111
316
548
115
20
11
8
206
30
40
132
15
114
77
65
22
261
17
54
37
58
142
6
412
37
8
184
50
60
85
70
20
25
12
27
71
63
481
165
78
465
77
112
26
23
51
80
9
44
24
109
322
26
63
49
104
818
21
8
12
82
16
155
12
33
47
22
30
54
12
22
53
224
191
724
30
2
5
445
31
66
17
84
33
13
12
54
166
30
17
30
24
47
118
249
41
44
10
40
175
140
68
82
140
38
145
12
36
18
5
16
71
24
28
19
14
20
69
246
147
22
42
38
276
22
8
111
178
87
52
1163
111
72
8
40
8
14
6
61
59
6
12
99
20
24
559
82
246
58
264
15
31
51
5
97
20
29
16
21
39
28
33
8
124
27
148
34
136
38
10
72
1203
66
64
41
12
17
81
41
40
47
23
55
37
10
38
17
40
57
60
27
131
4
35
14
81
9
182
436
113
11
243
87
10
400
27
4
3
564
45
62
149
24
12
195
73
17
1781
21
17
26
8
95
686
21
236
353
20
38
74
31
99
9
21
79
6
57
44
37
28
272
211
110
6
26
40
227
244
10
31
26
9
3472
96
21
104
15
649
14
19
10
649
17
228
6
208
11
39
72
50
34
22
46
174
23
199
41
19
193
22
197
640
9
34
7
504
248
14
39
718
9
63
88
19
63
195
106
35
125
282
100
87
10
1562
39
109
825
16
9
185
280
70
66
40
224
126
27
39
13
72
326
15
21
11
88
35
7
24
28
50
25
108
38
443
1070
25
54
18
10
273
37
148
11
62
20
70
43
175
127
11
17
53
185
91
38
20
43
104
161
52
47
5
18
241
170
51
12
35
25
12
49
26
13
29
26
256
94
10
81
117
1362
31
343
45
40
217
546
73
58
34
18
42
13
28
30
185
558
60
58
45
16
28
51
26
81
46
160
16
87
129
123
117
169
19
70
9
59
388
62
108
8
47
34
237
40
29
44
139
5
26
591
49
35
17
101
100
37
23
1193
49
270
21
86
114
71
52
46
63
12
117
19
318
107
115
23
46
101
16
51
42
150
9
21
154
115
271
37
15
48
19
214
81
505
31
16
21
16
9
7
379
9
189
63
184
13
146
28
1322
126
38
169
20
789
50
158
11
55
16
21
109
27
387
14
106
54
11
46
184
5
34
42
7
459
10
21
76
14
8
27
7
274
74
70
79
28
70
196
150
77
17
37
22
1140
17
16
80
274
44
114
378
4
200
353
12
314
33
53
110
12
113
46
44
31
124
163
43
309
13
32
111
6
87
712
24
32
35
121
193
34
8
9
13
420
3
127
28
164
46
186
400
61
14
6
22
982
43
185
205
457
50
28
248
59
36
15
45
66
19
856
399
90
31
60
40
71
114
7
251
45
157
217
10
162
27
148
479
302
6
88
89
20
75
46
117
51
69
16
17
17
10
302
98
70
31
124
26
140
31
29
25
6
4
106
97
62
20
304
87
92
23
63
9
476
12
17
30
11
356
10
161
210
137
220
7
52
40
135
54
18
28
5
80
142
98
70
221
156
67
257
39
13
157
16
20
26
70
63
89
154
74
74
13
19
35
158
36
74
6
1044
16
24
31
16
197
8
16
8
64
19
124
43
11
3
24
128
11
11
58
110
36
108
71
180
16
84
28
33
23
17
275
57
88
55
58
120
94
13
20
29
80
16
20
80
267
50
6
53
23
997
85
1301
10
16
19
28
2198
29
34
70
47
9
49
107
89
155
14
34
26
523
9
23
132
12
145
65
41
14
61
190
21
172
11
69
83
19
388
125
198
151
327
146
19
12
93
93
121
640
15
13
800
175
70
663
40
7
377
40
18
34
42
34
23
10
219
141
188
72
33
17
50
42
33
24
249
6
4
24
3
49
9
11
65
75
34
15
193
19
105
101
238
58
39
27
31
96
8
25
16
24
468
10
187
52
12
18
33
28
13
43
16
23
14
51
1578
8
23
19
26
36
31
36
17
40
24
157
11
36
24
67
6
12
43
135
17
277
40
241
321
258
44
17
57
30
557
28
20
18
18
28
55
22
12
48
44
19
114
26
51
274
92
112
59
40
7
5
70
23
29
197
19
67
276
72
103
38
3
7
24
9
55
15
336
95
3
37
193
54
59
963
92
558
154
10
80
79
55
25
76
175
99
32
262
100
1229
72
44
145
4
1428
119
261
155
171
103
45
43
187
14
54
12
22
73
319
31
102
144
88
29
58
662
28
50
5
403
560
386
58
76
43
385
10
65
28
69
27
54
64
55
61
12
50
123
613
11
144
1204
157
47
94
19
9
400
4
36
23
49
85
181
136
34
16
12
175
116
55
301
11
45
24
134
95
16
133
33
295
25
48
129
36
59
21
400
602
15
20
19
96
308
22
118
21
392
23
28
25
511
5
35
24
11
203
594
50
365
117
46
63
25
160
68
74
51
12
103
21
134
18
74
22
298
20
10
21
19
29
82
6
17
167
39
9
163
11
18
54
75
36
26
76
42
482
19
11
63
36
9
61
111
127
46
266
31
111
54
173
138
15
20
68
13
260
37
45
59
17
37
60
13
625
104
63
37
78
32
279
17
27
22
159
41
18
269
16
73
253
266
35
26
9
15
69
61
173
26
57
441
27
127
83
79
83
51
21
23
88
106
602
44
192
75
54
9
31
33
55
56
9
3
42
16
36
92
310
73
138
35
41
12
61
12
220
32
173
280
13
3
314
94
22
84
24
32
44
21
281
10
44
42
34
83
109
720
128
38
19
16
133
399
30
129
95
105
50
83
19
53
41
123
11
16
42
91
108
66
54
30
27
10
180
45
32
71
18
291
66
170
62
16
30
931
53
73
29
12
6
36
41
580
7
189
149
34
243
90
338
6
195
79
47
210
72
198
17
52
113
21
179
59
172
119
37
10
40
16
32
11
96
13
32
19
919
241
206
328
61
39
28
49
8
44
1712
8
66
528
52
90
708
26
37
45
18
103
79
34
19
57
93
191
41
20
243
17
47
36
36
218
230
21
46
59
48
80
25
109
74
46
158
24
265
193
180
27
815
34
30
13
114
85
19
44
46
30
97
10
119
41
75
158
285
78
15
51
14
13
70
20
3
34
61
162
19
113
6
172
12
147
66
335
186
173
7
19
3
4
78
18
36
146
99
68
82
84
20
23
62
11
372
149
129
44
38
22
35
210
96
60
354
43
346
38
122
25
1056
13
9
84
141
201
372
38
27
18
112
83
10
7
121
47
91
28
40
62
117
21
18
6
7
78
63
61
96
39
15
12
111
80
192
174
165
18
17
143
22
130
92
23
16
109
69
78
1356
158
29
18
20
96
146
5
135
417
27
61
154
59
20
130
31
38
49
43
16
22
86
57
428
17
58
103
128
109
51
175
44
75
5
72
117
1062
65
429
5
69
129
34
82
70
27
63
65
24
50
125
32
150
31
9
71
26
6
89
121
185
158
279
442
37
8
41
6
12
100
7
85
22
170
84
34
92
268
235
43
290
172
66
21
72
13
317
15
9
10
349
14
40
36
14
94
9
46
9
126
24
24
236
19
94
303
460
344
70
44
170
498
39
45
102
59
17
106
25
62
9
82
49
210
192
83
57
62
43
36
1023
34
901
35
59
21
14
144
4
223
135
5
29
21
14
182
38
133
265
21
177
187
289
16
241
312
14
16
41
12
73
30
331
7
135
42
25
88
64
171
7
18
39
22
15
18
286
27
7
611
35
7
447
79
23
72
18
611
23
185
454
15
13
18
107
30
329
132
15
39
154
31
242
35
34
161
58
33
58
30
471
94
32
388
8
68
37
28
13
32
81
103
87
66
30
26
6
252
25
77
21
116
21
142
112
33
7
12
10
69
22
23
82
5
28
31
23
67
18
60
304
110
49
126
25
3
18
203
120
77
175
35
17
16
30
59
163
271
6
76
703
399
75
43
21
12
7
1915
55
13
94
63
14
113
13
102
14
60
9
54
47
57
26
28
27
286
98
18
386
843
204
14
7
9
14
6
175
29
135
85
1236
25
12
57
65
62
728
21
8
421
124
12
35
52
11
71
20
64
106
22
1648
17
146
113
27
39
23
629
67
47
43
2004
16
7
4
224
770
59
13
301
457
151
43
281
50
71
17
27
108
125
34
11
614
24
57
54
28
218
13
85
40
1136
5
64
56
152
58
43
101
8
23
18
18
24
1068
14
27
142
490
26
186
440
147
13
13
20
80
46
155
78
94
87
38
129
44
21
7
915
39
149
21
155
57
54
118
152
64
74
7
134
18
44
171
26
80
7
243
35
56
221
18
29
6
222
31
87
32
42
7
77
8
24
23
50
86
129
22
28
25
252
43
80
19
78
83
87
50
100
35
46
473
89
692
23
72
236
5
72
24
54
184
225
109
14
36
68
7
71
38
14
444
261
42
227
47
48
36
7
154
17
91
7
37
44
60
67
91
59
22
134
37
96
19
39
179
21
120
81
27
153
32
38
6
23
53
17
13
8
44
66
18
24
40
37
25
88
83
10
36
6
27
183
10
42
728
45
3
217
58
13
59
13
34
15
40
47
102
469
155
14
34
15
161
4
92
14
171
4
45
161
85
38
14
81
11
5
8
73
40
103
19
40
33
75
137
50
156
52
159
89
77
118
323
5
22
50
6
12
103
69
344
7
638
39
39
235
79
36
74
28
32
35
60
42
30
356
22
23
89
86
27
43
10
111
100
35
44
24
11
7
17
109
28
26
27
144
20
75
108
63
79
126
47
28
720
149
52
61
55
71
197
82
74
226
49
107
122
64
111
72
24
30
35
35
41
888
48
43
138
10
55
67
52
15
79
12
25
24
232
26
16
242
206
87
99
19
24
16
119
16
3
12
227
28
92
183
788
157
230
87
63
10
5
17
79
3
182
168
5
47
9
35
78
176
249
34
21
31
42
18
44
48
306
7
15
33
105
54
18
21
121
15
68
21
10
401
22
43
215
99
11
34
218
168
163
140
191
179
16
3
29
12
39
91
25
407
263
19
125
54
206
32
114
5
15
24
106
27
4
73
166
24
54
26
24
6
50
12
78
110
40
9
42
22
96
2
78
93
7
45
177
31
51
13
18
6
7
24
117
45
53
37
9
113
27
22
8
281
181
125
7
401
21
50
31
13
188
248
89
941
34
48
80
803
45
108
414
17
138
21
17
134
282
24
62
466
23
14
111
121
61
33
50
29
123
7
11
7
51
4
87
15
60
96
114
399
99
69
47
27
5
223
80
79
34
139
68
195
30
23
22
50
246
211
25
26
6
78
6
20
219
297
6
45
105
92
42
80
40
36
152
151
63
274
17
469
12
17
4
14
145
34
57
34
51
7
59
567
20
231
33
631
49
49
31
363
97
23
91
18
14
54
38
62
115
13
914
8
8
335
226
185
95
43
9
993
278
51
7
164
52
72
179
275
184
14
28
112
155
31
43
65
18
26
94
39
34
7
228
184
40
21
44
268
57
51
22
2
21
23
47
164
12
89
117
30
113
58
81
97
18
10
47
41
205
30
10
8
9
306
338
15
45
122
16
29
6
79
27
31
106
157
62
44
10
47
15
133
139
75
27
165
181
146
324
56
8
5
602
96
440
65
27
106
65
9
4
29
6
21
28
287
8
44
39
8
16
215
426
19
48
30
19
302
18
37
50
270
81
13
591
74
13
270
44
108
131
632
70
691
314
20
20
92
89
71
26
60
36
393
28
43
43
28
29
25
178
50
47
56
77
220
167
17
35
22
68
149
33
112
69
81
309
13
176
59
18
65
71
130
27
439
48
24
11
40
11
638
11
20
95
229
19
335
56
79
220
94
481
95
30
34
96
185
91
95
61
16
44
18
126
780
74
396
106
529
57
24
31
49
21
76
42
6
17
53
26
100
16
19
32
9
17
10
74
3
36
683
15
63
250
41
9
30
178
210
6
94
34
102
55
18
54
30
5
31
1100
213
76
15
205
53
17
16
49
58
71
84
189
37
25
41
199
37
67
21
78
59
401
262
161
53
14
39
11
37
254
79
12
428
33
36
21
321
77
17
27
35
24
1945
27
44
95
266
49
11
195
164
28
27
103
85
23
43
49
18
18
32
285
117
60
32
166
194
246
79
373
8
12
14
144
53
29
30
74
175
135
82
15
15
16
11
8
18
214
270
31
88
54
99
6
64
20
356
26
261
28
41
345
105
51
241
5
42
10
22
60
215
27
11
221
502
245
33
182
44
7
74
24
186
46
120
84
22
30
101
92
36
67
6
25
37
34
11
5
5
30
19
39
624
133
31
60
50
80
134
313
127
18
77
419
16
107
309
16
567
73
92
273
24
186
98
19
287
55
36
15
124
163
16
15
41
25
58
74
38
165
80
62
71
42
133
142
93
65
24
99
8
33
36
77
35
34
10
42
13
17
143
157
16
6
24
295
23
47
22
8
679
429
12
40
63
63
17
57
337
10
157
31
53
17
14
258
207
56
7
17
273
21
60
146
69
178
102
72
22
19
97
49
45
131
56
32
12
14
897
58
1253
4
26
247
268
13
358
338
14
53
12
7
72
25
5
141
38
3
662
62
23
40
94
33
34
27
131
170
16
101
14
26
223
71
8
23
358
152
27
56
35
58
28
40
164
30
12
27
128
19
32
637
161
20
25
25
41
25
272
106
13
310
17
644
58
45
11
58
66
14
106
368
199
11
534
55
41
45
2
15
514
209
49
342
102
24
45
394
114
26
974
42
33
97
6
89
43
71
189
163
8
39
668
15
140
169
33
30
197
43
25
384
3
9
190
32
37
4
131
271
516
39
6
100
43
952
31
18
71
174
29
59
69
51
40
53
519
139
54
59
40
9
3
77
31
50
117
31
171
27
141
144
85
17
10
121
26
11
23
450
46
22
71
52
40
67
14
53
154
26
4
36
87
40
15
21
49
20
35
833
34
10
18
21
70
59
54
53
282
17
183
11
46
19
16
38
669
15
244
23
55
613
31
43
177
19
145
198
22
76
252
24
165
10
150
147
432
200
71
12
180
16
155
429
131
72
506
50
25
38
11
40
168
6
53
12
9
15
818
208
32
262
34
3294
133
28
78
100
261
51
37
24
28
44
65
77
50
279
162
27
125
982
110
13
92
73
368
11
266
11
44
15
589
60
584
11
57
53
28
25
53
147
190
38
11
64
13
28
11
11
28
16
14
18
47
24
29
66
71
71
125
116
118
2548
119
29
132
237
50
9
92
136
29
301
36
145
66
76
130
439
382
137
154
68
3
88
4
14
45
39
11
21
31
229
103
214
383
546
267
186
11
24
42
125
78
137
27
97
89
7
74
40
148
94
18
290
24
16
19
11
29
18
27
82
39
77
36
421
68
40
260
57
16
57
46
971
17
68
17
173
49
345
6
111
6
17
19
467
50
6
45
14
45
68
21
42
25
104
10
32
8
103
29
27
11
33
858
10
11
18
292
7
233
54
7
14
7
120
15
224
118
25
155
105
53
33
138
63
22
53
358
18
29
39
38
13
57
156
7
115
77
17
1357
19
18
27
72
17
274
15
62
12
67
172
45
302
12
54
69
40
11
15
354
27
59
28
80
144
177
105
157
315
9
12
11
19
13
209
9
575
129
399
12
13
160
119
94
74
81
10
67
47
21
7
65
5
102
53
39
852
10
28
140
637
35
166
17
14
712
389
48
27
24
59
9
61
67
59
44
38
135
11
30
57
21
19
245
19
93
11
130
52
22
244
2383
545
13
29
135
173
318
186
12
464
136
150
330
10
39
12
32
57
3
145
16
58
402
5
15
11
11
510
27
64
1401
49
78
30
24
1595
18
38
361
86
10
28
8
31
36
135
42
7
22
36
153
173
18
97
102
62
63
51
507
9
83
18
170
25
226
7
36
3
31
51
35
25
81
558
37
33
461
63
219
216
94
11
38
29
101
150
8
12
55
13
8
290
11
9
35
69
5
61
8
16
188
10
26
19
48
145
104
10
228
49
26
32
17
246
17
83
41
117
34
64
67
39
19
42
92
138
178
7
81
94
26
1205
18
114
9
148
250
20
23
65
84
22
349
74
123
262
22
74
3
25
156
24
400
50
162
203
23
15
542
31
11
148
90
40
9
12
64
18
46
19
164
223
9
1275
20
8
52
14
175
95
24
39
883
4
65
277
80
43
56
24
663
9
57
111
317
7
12
11
71
83
17
41
63
47
125
49
50
71
14
35
153
19
42
38
25
333
101
37
11
462
85
52
24
156
12
85
88
14
115
8
40
27
27
56
35
134
134
806
12
382
90
84
42
777
46
147
11
53
26
40
219
264
13
68
14
19
4
46
22
18
40
428
118
13
10
26
68
6
69
89
111
10
25
121
36
31
92
66
788
13
51
633
28
38
56
126
108
34
81
54
77
59
425
110
13
154
281
358
36
104
45
4
54
5
35
41
97
560
7
239
162
15
94
30
27
14
84
16
613
20
86
26
287
670
43
11
15
31
23
17
253
22
43
7
47
95
14
23
31
13
157
111
23
58
136
87
20
41
68
41
19
50
39
18
22
741
253
10
999
7
62
78
66
62
59
10
207
11
24
14
34
18
171
23
55
10
19
37
18
68
50
124
45
20
98
108
10
150
27
80
14
82
206
100
100
397
20
197
61
61
292
11
17
127
16
148
10
214
373
122
791
29
32
11
39
353
5
32
223
49
34
1179
66
15
86
11
24
14
31
48
434
34
31
71
41
119
55
74
195
10
70
15
4
34
36
389
10
196
4
21
78
245
20
114
64
51
165
72
198
23
17
166
17
36
3
399
159
39
20
32
9
126
77
132
21
61
118
8
43
89
71
37
20
12
53
10
88
9
369
28
73
14
55
19
46
412
485
30
21
75
14
12
18
96
20
10
16
76
85
288
95
231
32
31
42
143
7
25
259
20
171
48
30
15
5
14
49
16
70
136
18
21
191
72
11
83
14
112
519
200
60
91
79
418
196
85
14
557
42
61
203
18
59
11
20
2
72
27
124
15
21
119
235
361
23
6
17
61
22
40
10
22
199
57
55
13
156
270
70
92
73
51
132
114
9
80
19
238
104
72
28
26
46
15
10
6
15
156
46
44
318
51
7
11
20
14
18
54
113
106
93
9
22
57
34
9
11
9
46
19
22
5
11
57
804
84
13
66
119
78
111
15
36
9
29
26
31
16
40
37
19
6
24
45
159
11
124
61
9
90
247
40
455
518
15
187
21
170
56
54
7
11
123
73
21
82
14
15
46
36
66
12
14
67
109
13
30
99
94
107
88
54
241
50
28
13
42
249
60
34
18
56
32
35
6
17
97
44
18
8
37
44
92
5
20
109
390
14
78
42
33
5
115
20
14
46
53
316
43
77
156
30
9
82
268
62
9
213
22
26
12
28
25
51
20
34
13
8
61
61
4
41
40
30
80
21
49
34
28
89
24
41
17
14
10
33
24
25
87
20
73
58
66
155
7
17
21
72
25
18
24
45
10
5
6
7
23
31
4
14
44
63
24
56
52
5
54
12
61
193
574
20
19
15
26
31
43
42
99
87
319
437
221
52
95
50
76
115
138
44
77
40
34
10
11
30
12
322
49
218
33
12
17
60
86
24
276
42
79
25
7
10
28
22
40
4
34
33
112
409
23
130
518
274
73
65
9
6
46
77
19
21
11
3
15
40
97
57
24
16
84
4
19
13
271
77
39
1577
65
90
223
56
1494
26
170
11
8
1162
83
235
82
17
13
15
83
7
9
291
47
55
99
1141
17
26
15
25
6
57
42
55
62
64
16
106
3
48
11
56
20
67
1230
45
333
24
77
27
76
10
116
22
51
5
218
25
18
62
24
49
30
10
46
58
41
65
105
26
211
157
9
51
232
28
27
89
12
16
19
450
109
37
16
21
17
46
22
11
179
5
40
31
25
61
145
26
3
300
28
25
8
183
32
76
24
15
2742
9
58
224
23
151
8
163
160
13
99
8
28
55
56
352
61
123
211
64
28
19
42
34
62
15
5
7
32
88
86
11
36
24
6
100
67
227
13
29
9
21
7
28
14
20
29
57
78
338
47
159
89
161
159
143
40
360
65
20
61
22
2
92
53
51
23
23
4
23
163
286
15
27
67
11
44
65
4
65
153
11
78
18
18
23
12
138
4
211
151
56
146
20
92
87
16
19
69
12
56
19
18
27
34
49
4
19
45
8
72
766
125
13
10
33
73
370
29
8
52
67
16
28
140
15
29
151
37
18
16
63
15
74
54
28
10
164
32
359
81
38
45
20
64
18
13
10
79
46
24
314
135
21
62
9
16
32
56
23
4
49
135
38
66
341
2
27
47
78
19
9
229
24
56
38
19
9
170
272
59
100
3
27
90
406
16
82
468
315
21
16
11
18
120
22
239
51
191
25
243
24
7
54
31
212
205
187
24
69
4
108
12
62
37
109
17
41
13
25
29
12
14
4
10
79
31
37
91
13
55
63
6
17
13
25
12
103
115
423
14
7
4
8
413
75
12
33
61
89
18
28
8
10
19
48
10
821
52
22
84
160
64
93
27
60
61
109
25
89
96
269
24
429
17
43
12
19
3
10
521
66
14
10
27
63
5
12
86
581
28
8
5
74
23
105
48
54
3
20
12
55
27
79
55
2
202
278
238
46
45
44
47
24
9
30
37
22
63
45
19
8
13
36
35
42
146
64
93
185
9
7
32
24
265
28
1554
9
255
6
13
31
9
59
69
44
12
17
42
12
28
336
71
65
63
85
72
33
22
46
27
114
28
23
49
15
37
100
54
59
140
36
66
25
68
48
90
24
43
47
45
16
37
12
32
75
73
69
29
18
335
178
10
7
42
156
16
270
79
241
75
93
183
42
7
80
17
54
4
301
34
44
105
151
32
5
9
7
140
8
4
44
20
43
7
104
20
274
24
202
31
29
138
48
105
161
61
31
5
8
243
19
64
42
22
23
89
33
60
26
59
20
17
107
53
13
21
32
19
6
118
65
152
62
426
13
129
110
365
33
22
197
14
59
72
2
252
45
30
112
22
14
3
229
29
7
72
104
34
125
27
123
40
91
13
26
239
30
41
13
361
6
151
421
69
52
16
274
15
18
285
78
15
20
115
33
45
11
92
246
37
25
48
48
15
48
19
43
13
17
40
8
201
31
52
164
6
19
39
23
186
8
32
16
27
179
37
37
175
18
33
26
20
77
209
107
522
107
44
74
227
113
99
46
794
117
144
30
19
217
46
253
325
5
614
806
361
3
230
15
9
32
31
26
33
408
10
61
42
34
56
14
24
33
5
53
3
25
263
16
46
3
90
52
194
57
246
117
41
94
46
17
52
69
7
5
59
75
91
22
22
11
34
20
44
482
120
58
18
29
80
113
11
42
36
25
107
60
18
22
15
54
98
9
119
173
39
11
80
773
3
29
144
219
90
13
50
67
46
9
101
37
11
54
27
19
8
35
12
119
9
152
99
17
94
12
22
20
38
13
11
32
61
42
12
21
142
15
32
74
33
34
37
1155
41
14
29
702
9
15
424
30
20
70
36
32
937
62
25
66
10
22
110
32
109
58
33
16
9
29
9
16
14
20
11
123
9
39
27
16
5
67
81
47
49
28
4
67
103
7
44
7
23
20
82
378
31
50
17
316
9
27
84
78
101
112
137
70
27
221
337
93
8
47
37
59
8
347
21
127
362
195
42
8
11
33
1085
15
80
274
34
145
50
423
1220
37
10
12
17
10
83
15
12
13
53
11
30
42
20
30
28
128
9
11
28
63
119
23
112
225
35
8
17
21
23
23
16
1545
461
6
459
7
137
72
331
13
52
33
22
13
791
16
115
23
622
16
488
440
9
12
54
185
11
69
5
108
52
12
8
40
6
367
100
165
156
12
55
50
18
16
33
254
134
86
4
56
44
16
36
14
25
37
13
50
47
231
15
11
34
15
27
30
115
8
23
16
155
60
106
45
138
298
16
83
45
18
18
160
288
100
32
4
151
34
20
3
98
13
93
51
38
25
79
19
67
23
27
13
50
41
80
5
211
72
5
88
29
87
88
124
353
13
6
49
62
162
16
172
219
40
48
32
210
78
11
4
173
4
32
21
36
6
9
54
14
3
67
25
262
95
58
111
29
35
47
102
24
4
17
799
26
13
35
39
59
127
21
71
22
44
349
24
10
42
505
107
32
23
76
13
61
204
7
24
113
10
28
127
230
19
52
55
7
68
8
16
430
7
231
8
39
9
426
11
35
65
7
37
64
286
298
188
61
124
44
17
35
22
63
58
66
5
93
57
56
109
30
5
68
212
80
16
20
43
40
83
152
19
81
10
8
165
56
49
7
44
29
37
14
12
199
51
10
11
11
115
35
7
87
20
630
258
34
90
1422
90
29
21
80
10
28
37
55
37
359
322
40
382
23
266
164
47
19
91
17
785
95
15
11
95
268
15
38
7
2107
62
628
197
60
128
85
13
80
21
12
21
23
81
36
34
69
45
44
65
23
34
177
9
5
7
33
64
13
352
81
26
27
138
16
238
29
120
6
21
11
18
44
20
71
24
30
44
31
97
166
72
92
13
68
31
70
13
37
38
22
15
81
18
6
9
450
29
38
5
25
31
200
46
252
1043
330
54
14
33
70
116
96
12
169
6
44
22
17
8
8
554
100
77
106
5
18
40
12
12
15
42
20
146
53
25
11
47
32
49
26
36
15
26
280
15
21
78
97
47
45
122
68
12
8
18
41
37
8
11
10
15
25
13
26
59
66
9
13
34
12
11
67
21
12
27
322
16
25
11
12
114
6
39
30
5
26
11
30
81
150
29
37
38
76
8
4
10
203
33
325
74
12
20
10
55
166
68
7
29
75
40
11
17
28
12
4
148
24
64
209
8
23
201
18
11
15
19
38
85
21
9
86
23
40
3
104
450
149
47
32
53
4
3
296
8
34
780
40
5
76
73
15
98
55
50
220
7
16
132
347
96
15
129
193
242
7
41
18
757
11
29
23
153
238
42
6
57
5
29
77
14
31
566
2
34
59
38
8
54
105
9
10
13
43
188
134
5
31
7
14
99
90
28
12
19
101
163
39
24
15
11
56
19
250
36
9
12
618
81
34
19
30
6
27
6
15
18
13
131
20
23
283
34
21
96
41
29
16
21
85
24
30
49
28
210
4
21
37
502
110
7
46
40
8
49
7
15
143
15
30
156
10
402
55
84
24
340
23
23
16
13
39
7
9
135
41
243
148
422
63
27
13
55
108
36
18
312
107
152
56
73
13
124
24
148
41
175
21
24
21
45
37
14
81
78
3
176
35
21
313
41
99
221
243
14
19
10
106
80
20
3
115
108
117
45
18
155
168
34
54
314
10
54
60
6
52
105
46
133
21
163
30
39
26
218
19
9
38
16
130
293
5
29
138
207
23
4
144
7
77
297
258
87
10
55
37
290
101
219
29
274
35
3
9
43
113
30
447
115
25
86
59
3
46
128
95
9
62
35
7
33
178
74
39
167
22
49
65
44
6
6
7
12
60
30
4
85
11
625
579
7
703
67
32
21
4
32
23
28
24
30
23
470
6
407
32
91
69
48
26
589
4
15
19
166
38
3
64
25
117
39
272
6
15
3
10
152
17
9
39
275
21
206
9
160
5
23
62
24
354
77
103
31
7
71
5
36
4
116
36
11
5
166
65
24
52
44
13
7
15
16
188
136
14
39
124
106
44
33
18
24
466
40
19
38
69
7
42
60
143
20
236
26
44
88
36
58
18
49
213
219
181
30
65
4
7
113
14
332
16
82
497
17
10
896
24
16
3
18
50
28
56
36
185
186
69
110
346
109
19
72
28
20
253
10
116
45
14
6
96
117
6
1463
112
61
19
283
11
73
82
212
8
60
13
152
61
243
6
1018
28
14
36
150
278
104
23
20
41
41
14
24
213
145
16
12
12
65
55
14
306
44
18
100
49
37
4
11
14
108
29
24
213
22
28
142
331
31
95
22
19
69
9
37
12
18
56
10
174
13
29
21
167
114
31
43
115
68
34
43
14
16
10
7
8
44
5
8
16
12
456
12
16
22
119
45
8
14
20
20
27
77
48
79
27
281
8
19
8
157
258
36
116
63
41
10
48
4
21
99
10
8
145
14
210
54
46
92
16
34
28
218
69
13
91
496
26
9
5
32
8
13
5
28
91
29
18
43
30
77
5
28
20
8
14
18
6
34
340
15
173
82
260
36
120
11
78
137
78
52
205
11
54
108
37
13
222
14
32
41
53
94
99
14
81
13
7
175
25
13
13
110
80
50
119
11
25
89
33
282
135
202
26
53
7
10
24
179
24
18
13
17
129
84
8
139
22
279
521
5
21
51
25
41
2
29
15
35
47
52
36
312
4443
54
91
34
240
4
11
26
8
116
6
17
171
7
15
6
36
11
34
13
28
464
80
49
195
123
136
53
1021
15
63
31
41
7
21
10
143
3
12
200
77
5
8
2
110
146
21
252
148
130
78
119
20
258
8
9
17
158
29
349
815
154
9
19
33
25
118
79
8
39
12
41
29
95
12
72
15
41
41
94
42
17
178
71
107
29
12
46
11
64
10
65
25
24
7
74
8
127
13
138
46
121
46
59
26
278
28
8
64
18
12
141
15
68
190
51
77
60
10
8
19
22
101
7
34
10
56
17
20
10
8
20
89
353
43
136
14
21
25
5
16
122
16
30
20
4
157
5
20
41
36
8
29
11
15
44
15
59
166
11
46
24
6
23
172
35
532
6
117
9
11
8
28
7
64
167
38
86
100
92
35
57
233
11
177
28
25
28
14
96
44
27
28
27
23
10
26
7
33
80
7
44
36
7
14
11
45
13
23
83
3
7
4
34
40
19
60
156
247
197
22
25
91
355
36
1160
22
110
48
93
65
39
14
81
118
41
91
18
44
28
7
4
31
94
12
40
59
5
168
139
535
56
3
80
31
64
20
29
1138
109
358
11
6
119
40
141
17
38
65
32
110
8
7
44
67
3
26
17
43
20
117
28
22
20
46
17
200
14
134
7
37
18
16
10
218
47
775
384
32
114
73
117
119
50
28
144
20
15
30
22
11
8
601
17
87
477
71
14
14
294
10
17
27
100
337
19
50
95
22
11
33
15
36
38
36
20
107
12
17
34
15
4
94
33
34
7
57
58
59
509
13
11
51
49
54
222
35
9
5
62
331
102
4
47
27
15
10
14
25
74
7
15
30
24
43
339
11
81
154
8
27
25
20
28
210
51
161
16
31
16
14
7
24
48
33
436
42
8
106
43
48
21
250
71
16
68
54
54
42
12
102
30
33
143
7
104
138
234
44
78
255
14
19
71
7
528
15
194
69
39
139
1295
74
83
76
10
20
8
244
16
168
12
64
50
55
50
12
89
153
20
30
17
21
4
229
13
150
90
19
1263
22
52
12
55
58
1226
34
383
8
38
40
59
25
159
42
1015
57
260
19
42
7
18
56
77
6
31
40
11
74
47
6
448
14
6
28
78
90
13
279
35
18
17
185
25
39
70
14
29
66
29
29
4
8
31
2
8
407
31
6
11
351
35
246
53
7
10
20
28
21
171
18
19
34
8
147
215
1275
48
47
45
14
166
14
36
9
308
65
14
16
9
18
8
236
53
41
197
10
13
10
79
12
41
910
108
44
19
54
64
139
253
80
24
44
25
16
17
10
14
13
32
29
28
9
553
39
71
2
25
8
172
28
367
189
110
98
37
28
4
205
52
22
10
7
62
44
15
15
8
575
432
551
103
28
13
54
41
98
81
16
2
391
118
22
30
77
29
33
48
11
108
71
6
67
184
38
7
74
58
155
81
26
49
22
15
31
130
14
11
168
24
12
142
391
37
3
43
14
352
44
30
17
155
31
10
543
28
151
155
60
8
43
12
7
61
43
49
28
81
4
87
4
25
26
59
5
43
329
46
20
10
6
11
31
62
147
7
98
49
3
162
19
