710
1035
1102
53
2807
129
6088
352
620
8240
4008
3739
712
3687
28
153
999
262
2859
44
2693
271
1229
222
335
46
49
326
791
95
76
7755
17
185
1190
107
1911
89
1586
59
1452
285
73
146
6192
7002
1962
652
104
42
247
750
563
719
53472
116
772
307
2456
201
214
428
7446
597
555
101
51
2918
164
185
96
279
242
832
158
390
2539
1682
4239
216
102
69
75
13731
398
37
4823
125
1467
1031
635
14
202
657
1247
48
2204
484
1051
7567
7275
926
456
1002
181
1307
2425
364
771
3155
230
61
169
1753
458
7378
297
292
922
517
2867
1300
218
17
47
952
959
1743
206
65
247
343
324
8275
497
3584
1318
4546
892
118
361
705
5041
936
5271
222
642
178
1668
1251
12
218
879
77
24
7938
68
897
1500
41
109
41
48
67
3067
2983
141
835
190
2706
569
99
2261
214
31
6766
242
805
25
609
64
94
92
917
198
92
1152
3298
35
2888
405
293
190
7186
32
217
486
1436
11659
2689
6071
397
700
662
4602
4084
35
269
2656
157
4280
183
25
277
807
51
1510
171
513
2031
1350
3836
8080
263
329
34
83
123
57229
265
95
286
193
4544
64
5381
19482
477
150
1153
32
21434
73
152
2269
273
370
754
203
30
588
150
5645
6961
335
71
585
2521
25
340
674
345
745
1706
42
137
14
1463
6
3792
208
561
11
80
601
1774
126
108
86
26
35
54
1654
373
76
125
2010
2652
76
60
430
1563
152
526
1254
78
329
231
1310
328
352
1091
270
339
79
1711
51
1759
51
383
450
86
74
82
83
621
33
39
292
35
425
921
254
214
78
2808
3524
222
202
1032
985
348
1251
802
74
57
224
174
77
354
307
229
771
816
2448
487
828
338
5496
2201
780
1063
881
234
3316
488
551
8071
1632
130
6682
119
151
1894
239
60
96
596
619
162
282
131
19095
1570
143
103
3719
113
578
2685
84
97
250
124
131
1905
1636
102
2429
119
1354
266
110
17
153
110
23
1108
430
1997
252
316
140
9400
156
51
172
958
132
92
227
941
2090
213
668
3211
15216
3039
1609
62
491
70
396
69
910
540
785
17
249
106
1087
194
52
1226
11314
7837
86
10272
20163
85
62
15007
1142
138
118
181
4162
2143
109
126
615
850
92
28
43
720
349
14
883
36
15
9083
121
8418
1767
1848
274
4761
884
887
1779
9
30
80
30
2106
1306
952
2043
432
63
3001
193
1195
51
427
1424
1018
1033
246
1118
1229
470
37
1254
1041
991
36538
195
378
227
935
145
3636
698
1537
37
832
187
42
4910
553
8821
65
112
1949
183
8700
636
3073
46
924
701
402
689
50
449
166
2613
3545
682
1168
334
170
374
20
1994
722
271
132
292
1808
90
212
469
45
434
2415
121
316
49
321
6474
386
207
531
11237
378
527
1471
6362
352
54273
97
876
386
257
55
11
245
219
784
515
5512
1061
495
2981
69
1196
1499
2022
1592
231
2295
1162
281
79
1228
79
5529
352
232
7722
26
66
77
1865
188
9
838
2223
21
847
926
465
566
8
146
1427
693
206
1284
162
212
46
327
262
794
1292
409
3203
73
3127
800
753
56
868
51743
14
101
159
59
34
347
140
58
48
89
1789
234
55
472
8
7718
37
703
9
206
37
480
146
47
1125
1165
2518
641
43
5
8656
982
20067
37
26
78
5230
9449
102
2961
77
13
265
50
264
1339
1087
6064
100001
3393
97
75
673
106
385
629
7
103
61
465
6757
32
41
2444
2627
3878
429
739
79
243
423
179
69
425
22
512
264
427
134
13328
107
915
521
1578
41471
1064
1931
823
92
779
89
1600
2857
873
1178
236
1712
774
50752
756
558
390
592
5553
50
806
4220
162
3421
243
2109
2635
183
319
1355
278
3531
15986
3075
37027
14
779
4562
99
612
1464
286
5474
3907
19
47
103
359
411
10
188
3198
642
540
276
741
84
2638
5489
62
236
238
6105
85
979
657
45
228
53
666
743
3355
7
274
2790
45
628
924
331
138
407
973
1834
2090
932
2077
256
2142
3054
140
264
179
326
1205
522
413
17
406
29
25
110
12
517
1076
192
1581
2310
67
52
78
203
146
3244
82
1905
186
78
848
249
62
1719
767
661
470
2010
1437
63
323
217
674
100
173
363
31
142
758
3464
107
5899
198
11445
80
2074
130
254
146
1250
27
6353
786
259
598
1881
289
3539
1055
408
13698
268
614
50
319
443
34
620
136
239
680
2638
1560
3606
346
176
11526
155
12699
1317
2645
84
342
1721
454
1308
5
630
52766
2535
198
253
10546
656
1407
891
17
1349
774
847
201
189
1176
2948
185
111
82
789
3045
2672
12
184
548
478
2769
248
1048
917
68
696
77
949
1347
497
4239
419
31
395
2222
255
295
9886
21
1203
1078
32
1678
127
226
23
345
216
1527
1693
296
2166
36
3294
253
7531
247
1519
88
64
1109
352
5912
532
1468
491
37
968
454
436
80
1387
733
156
103
172
3201
874
225
5170
42
585
8866
165
68
14727
213
166
1992
629
159
2343
405
702
63
39
48
142
364
967
30
36
71
74
843
86
448
144
281
238
2177
196
347
3019
119
198
8376
895
34
261
436
572
1460
1576
77
34
107
73
5149
223
51
691
3534
83
67
22
901
29
109
111
218
14366
1912
3486
315
76
76
233
325
48
66
15153
20
121
1452
203
12282
1502
2817
39
108
1655
2435
19
405
63
769
432
261
2983
114
7577
1295
7407
78
99
232
153
52
165
69
2969
207
401
1048
52
227
1427
772
1086
2791
61
2243
869
1229
83
27
323
47
160
2376
231
54
11
47
1192
597
106
487
102
23
14
2277
574
115
191
7798
631
192
33
273
260
89
85
6853
12
277
51
1151
1190
1136
168
1968
167
9987
1728
13240
2167
41
1695
100
28
4521
14524
1871
15
540
83
36
30
208
78
2141
449
77
30
1622
147
53
839
625
2407
550
111
1309
225
17
48
499
1226
6347
819
224
256
90
272
145
294
3152
172
298
17
572
477
142
299
548
333
3177
4581
44
67
66
19
41
3941
140
229
671
41
104
294
1013
76
59
303
4018
229
1498
150
121
28928
208
208
252
121
29
17
11007
2754
3205
337
679
542
164
1452
457
63
30
44
210
3402
321
512
2788
507
3789
2170
41
877
1561
194
117
2090
178
1320
76
27
327
200
26
1034
3027
630
2952
1374
116
177
2617
661
112
308
321
11960
3485
1749
13
3417
45
178
456
488
299
651
248
108
3240
430
859
962
404
1343
435
6187
207
144
5379
314
523
2399
12277
944
2067
4853
419
38
45
44
198
142
211
45
128
4157
321
240
78
1219
2208
460
115
332
2282
1424
1370
207
43
92
792
12019
4274
2702
1136
1273
1258
125
2144
155
5686
450
386
209
5999
44
572
41
38
292
319
292
1222
358
154
5835
1133
29
36
24
99
3169
1441
753
1584
1767
121
618
160
77
9064
208
37
242
197
41
444
84
9
4705
192
746
1791
231
5492
1136
359
1262
485
2876
1316
677
62
793
422
471
825
147
165
117
28
195
38
21
116
226
2686
70
51
72
1348
1551
61
545
277
4046
89
758
266
60
209
117
53
2123
466
652
128
20
240
224
3514
2093
136
474
3341
8848
20
127
634
1684
2829
2212
46
93
10472
170
1000
59
1307
4721
2903
51
2375
78
15022
641
65
624
287
612
67181
81
151
15493
549
556
422
197
210
2145
3950
925
97
39
15200
416
1000
30978
1400
113
8
390
167
681
285
339
32
141
18
3060
328
817
503
839
225
216
1317
3385
91
1058
237
2050
798
704
357
921
183
200
96
1098
515
893
73
250
201
908
161
215
341
62
96
365
371
26
1336
774
9059
59
177
824
68
255
177
482
9279
2323
752
198
563
549
2059
1792
61
6608
2035
4002
583
95
697
473
4055
396
404
735
1800
149
737
3856
626
9
656
213
295
41
679
1443
3330
344
1408
45
57
450
334
880
266
134
1897
1407
667
131
66
1347
975
258
3984
1354
81
3115
125
81
189
44
52
282
1939
96
1455
162
192
1703
252
112
112
661
53
49
3288
58
19
25
3110
6915
216
236
454
539
93
161
327
154
780
98
88
341
68
927
6253
2873
227
751
25
1148
267
1049
125
809
216
820
3603
1190
117
933
317
148
191
59
237
369
89
542
1265
903
2344
293
932
117
2856
439
4345
12
503
1694
2728
504
4605
382
1854
1956
95
132
36
82
942
50
272
413
164
91
2515
1924
318
97
349
593
3717
1424
4264
1156
710
795
177
2323
2047
44
4507
1251
20
694
1582
164
53
2216
902
5050
221
155
7250
475
47
166
79
2602
108
1965
616
54
3556
849
643
474
150
483
861
169
969
3913
237
193
69
125
1790
89
214
114
2636
56
66
489
40
41
56
1517
943
310
306
161
616
2163
91
259
40
628
98
1096
63
2502
4492
215
12624
6857
3876
233
4642
5823
202
192
61
228
137
1572
531
23
240
556
966
212
3439
1671
63
77
654
126
793
2598
315
34
337
2439
491
188
562
18
3166
38
442
152
15
175
173
17
393
26
2615
427
69
140
494
5824
1130
65
1702
349
540
2191
3926
304
2501
2557
148
931
2016
41
407
139
249
122
659
110
31729
507
186
97
7369
7863
1634
134
3411
109
68
92
362
73
88
162
62
137
736
269
22
3749
61
45
30
29
341
485
1804
202
80
1150
790
113
2127
6458
3066
6198
291
949
416
474
281
712
2015
792
396
25
474
635
1392
2295
2155
521
120
691
184
179
195
1113
1361
2435
104
214
12998
137
393
2109
222
72
5121
920
313
220
1591
61
1501
2225
2420
33
219
42
1741
54
1214
83
1692
5102
413
446
705
77
144
200
1432
403
2576
194
861
8
316
760
801
663
38
463
8693
515
3526
1058
576
6623
86
301
175
341
6491
376
3017
1544
12
1019
1390
3239
53
59
1070
114
673
3035
130
121
34
62
61
531
179
345
361
1230
271
432
1191
130
2417
83
456
722
1010
67
29
2355
215
603
155
39
687
631
209
138
159
65
5423
101
168
1236
26
684
82
369
90
377
2639
2405
21
9090
166
5432
470
2880
79
1171
278
7545
1710
621
9071
506
751
276
567
111
90
152
117
3795
1942
225
63
403
586
2271
243
3041
329
153
354
497
109
1057
316
1558
163
121
610
317
1585
59
17713
38
10
287
61
110
112
71
492
1253
635
3907
89
262
5609
605
107
2228
1735
138
30
551
75
701
268
46
230
98
228
188
912
646
348
140
1005
113
221
1154
1896
119
474
879
335
636
2295
281
860
190
366
485
126
1361
459
106
1490
1599
630
3475
747
704
202
426
1540
3394
18
26
16349
208
1094
33
80
341
216
478
294
106
339
286
121
1018
5693
4662
720
621
4695
17696
372
226
1651
767
33
427
1912
1133
722
88
58
558
859
39
99
56
852
925
688
156
88
903
51
2042
3308
25
23703
1425
116
927
211
1678
632
568
3417
341
1499
116
465
26
5416
162
1395
1334
1608
185
27
151
79
5972
82
101
510
820
363
1589
2565
435
32
863
10112
8722
653
118
497
721
27
701
292
1413
194
1711
3426
39
270
680
686
171
4154
13
160
1175
835
44
311
859
78
530
29696
1573
384
1717
29
28
358
73
482
82
100
840
38
458
4086
305
3086
1420
52
1028
599
351
1295
120
907
23
2098
1348
415
64
659
26
59
661
152
1086
896
521
205
293
127
252
296
3718
1427
462
25
1879
599
173
51
3229
45
2243
374
2404
214
25
436
42
707
3713
980
228
957
108
650
704
28
1780
271
228
22
230
355
284
1647
3723
384
58
2514
652
87
130
117
218
1400
86
165
315
486
3618
347
109
353
455
122
424
1587
3366
3063
156
2381
240
66
37
1365
2875
1322
1505
2385
1011
50396
1072
105
31
34
492
1129
308
21
1046
60
2187
54
69
2466
66
131
1197
23
223
29
3123
2168
577
6764
162
62
2215
25
921
1321
83
3745
566
12395
60
871
66
125
166
206
261
1374
650
136
171
87
36
319
4197
396
255
261
157
9323
36
306
5190
124
58
162
24
889
119
7081
168
694
430
902
55
121
45
758
91
71
746
175
328
1495
3735
241
4939
796
935
233
1911
111
19088
34
391
113
92
509
252
4206
2362
62
229
265
108
3741
1716
399
805
3088
999
62
134
6329
1189
296
1360
767
6591
1198
331
6059
277
328
412
943
4426
309
460
15
89
404
1454
1244
135
1109
12
191
54
685
4099
104
250
71
252
121
302
19
114
1448
402
904
63
1092
317
40
42
84
26
147
16154
67
1466
10907
713
126
628
211
440
7573
238
97
8640
223
36
22
91
714
307
168
144
27
1516
438
2716
77
1492
302
684
463
1702
45
1633
1304
12
414
550
51
278
240
222
84
232
396
3154
351
822
230
293
975
382
14019
31
112
9415
408
26
11282
31
132
712
70
7147
230
80
178
877
205
384
217
79
58
1004
234
2186
319
1390
562
680
913
1102
28
18
199
139
72
62
601
388
8143
236
1423
3485
982
83
1227
151
417
3386
734
334
131
1160
47
397
2246
69
912
450
329
796
473
4514
494
90
672
1267
511
695
25891
1359
843
46
1072
143
51
39
391
210
198
178
324
70
372
153
16
2125
463
122
167
1761
564
417
884
9752
251
2013
1074
155
91
1121
20
3950
1268
1382
1895
156
62
164
129
170
96
437
381
1426
204
61
216
1138
20961
171
268
4577
3465
478
108
198
154
173
105
106
1405
501
3421
77
453
46
142
220
61
54
5431
37
87
2513
766
16
423
1402
427
93
1571
252
941
558
313
9
43
271
67
5106
185
516
331
42
180
142
805
412
54
2323
2651
815
25
386
403
107
66
231
251
3809
71
285
175
762
1450
43
270
297
1653
701
4621
3177
276
212
2916
420
1284
2120
261
452
1209
95
181
58
305
365
66
594
26
452
226
350
203
628
475
208
633
131
628
162
39
897
62
517
93
216
1199
2764
206
71
5901
2092
76
123
201
3648
84
724
1860
64
298
802
358
87
84
129
111
2586
294
72
122
1708
1910
766
464
164
1538
869
3518
407
167
1320
393
37
114
339
294
90
1037
138
2018
123
1008
318
402
140
34
104
863
116
96
125
292
1396
2602
70
174
1852
261
274
94
63
16373
217
257
6357
54
1541
4509
562
1555
1168
4408
589
830
3051
4311
147
137
1291
532
1407
1299
2512
1165
97
792
8170
571
823
782
531
244
20
83
1650
957
140
4785
1461
1403
74823
16587
1509
261
366
31
689
220
165
55353
1135
1820
60
402
382
390
102
62
65
303
2747
49
1246
1578
893
912
420
33
717
652
1332
984
4012
3548
1123
2131
3424
236
134
323
78
915
80
74
1396
398
1461
455
35
2753
4251
150
15067
103
3327
1099
44
1592
119
278
192
8234
1422
25592
187
2010
11728
103
90
239
53
2481
20
573
246
442
539
4929
6215
438
134
67
1136
229
971
539
57
8366
53
60
4556
312
158
169
2484
78
3409
1741
129
1583
247
758
138
1672
1326
3539
47
200
151
5697
371
231
20
262
502
39
185
400
94
2353
3931
167
462
21
348
39
215
71
314
1175
267
234
81
64
1878
836
399
747
49
518
112
103
263
516
414
737
69
618
453
262
30
40
544
136
100001
13225
21
50
24
10010
275
56
287
402
95
371
282
576
2881
2668
56
95
478
72
803
429
444
54
23
24160
1344
920
334
413
332
2952
208
674
4639
495
102
533
4539
1073
4727
2444
336
199
4000
331
3391
259
557
277
106
22
4177
250
1143
2103
1468
1644
288
283
241
98
144
148
139
1776
272
44
711
422
118
245
78
2225
3910
219
539
598
1158
2019
975
5019
189
3840
5857
120
1174
111
29
326
800
325
154
21
198
261
181
1096
300
44
385
9160
4755
4900
310
28
641
2212
2074
2945
86
60
153
55
683
54
38
1366
192
324
34
32
264
7989
479
1555
1562
337
15592
386
31
3488
256
751
290
68
416
644
85
254
517
101
1609
1127
198
38
377
41
376
272
81
2308
1499
213
48
828
89
57
536
26
167
3446
148
1126
217
541
4792
392
609
384
673
257
716
3766
958
401
419
4894
42
390
40
133
1854
3123
1868
147
27
200
509
61
129
290
1382
6870
141
289
914
45
504
357
11888
2849
33
1013
425
141
778
1299
1161
213
363
2003
56
376
1493
200
610
3398
13145
428
96
569
177
176
152
4119
2192
250
616
392
1356
86
175
113
52
2322
846
765
1732
202
1122
304
111
373
150
595
2321
2802
225
428
2543
22
1942
438
275
2486
51
10476
3136
677
156
2527
23
3832
60
304
3463
202
339
140
937
5002
346
152
748
2049
433
66
131
1679
131
56
1315
793
1808
2091
373
67
7769
563
205
499
173
6550
798
1401
2451
57
271
68
255
928
2704
13
594
257
16058
38
1091
171
6315
352
367
95
268
1272
236
985
121
141
157
1466
5040
45
262
4637
4270
120
3270
392
219
5820
260
6176
460
152
50
126
99
594
87
231
278
30
465
71
103
112
282
196
24
2175
74
6481
359
211
91
176
7441
279
826
128
471
356
98
2045
1348
113
562
53
686
711
362
52
917
63
856
705
1531
1843
522
21914
4232
340
375
74
1336
52
39
234
249
1694
3199
96
51
280
341
65
115
1415
128
8168
1546
147
255
614
8636
6832
828
8867
383
3614
248
259
356
48
62
173
1609
156
2271
525
291
137
1445
118
2361
216
817
136
487
190
806
733
1216
95
1164
89
170
569
534
52
224
1626
411
243
450
7399
10054
35
1510
5287
2436
8235
1829
130
1238
345
106
463
29
445
198
565
1204
85
289
62
196
475
4266
330
476
5103
890
771
75
601
269
407
563
2153
82
87
3310
391
22
220
88
524
45
719
96
80
215
3084
413
344
63
263
224
58
6432
29
210
15
269
481
3287
115
111
433
1921
666
42
1212
41
75
1025
878
1784
1064
5781
1828
727
266
673
2355
395
89
21
1710
9330
1163
26
72
227
27
1111
132
3108
664
1989
1597
125
191
620
1245
198
67
132
430
1246
483
778
230
239
440
517
527
177
144
814
405
364
121
1492
252
123
92
227
737
295
972
549
132
231
1125
1126
471
120
206
1191
209
996
2247
1376
2015
153
63
484
1419
1572
3003
383
569
1368
54
13815
4186
6941
97
556
2495
649
55
177
121
96
250
103
61
6353
251
350
1305
398
8836
687
1483
210
61
627
9270
140
143
324
22540
476
312
51
148
35
202
492
184
5082
297
12
970
158
36346
45970
1030
2205
189
57
131
1433
479
2354
597
151
827
55
346
46
296
1235
220
10625
93
162
3010
373
80
685
43
275
187
25
157
1291
4892
100
393
2581
1622
203
3096
161
668
316
125
89
1626
596
649
1387
1596
1025
256
113
2595
185
938
991
26
222
9988
661
2249
230
620
85
153
105
41
7390
1978
90
2176
66
317
10244
2923
49
195
498
374
207
1901
503
178
99
30
226
3499
283
205
341
8549
1925
1030
608
5370
133
241
360
210
432
415
76
146
138
1738
1692
3144
202
764
463
106
820
37
1561
1061
177
228
347
1200
165
1358
71
3016
944
174
681
1088
137
166
2480
22
1708
1656
11967
63
163
578
33
118
474
87
54
380
5353
1577
72
309
2089
4571
161
1504
2129
1262
24
203
802
465
78
205
134
581
32
1322
509
1809
2807
595
7728
307
201
14
167
95
3570
100001
469
342
494
742
960
133
2042
230
33
10230
9042
532
298
19
307
181
1394
35
951
526
39
1324
41
96
77
111
83
336
5168
715
327
1292
271
5825
918
336
2087
1783
2562
246
1571
129
469
56
26657
246
101
468
23
246
515
4524
2106
814
1320
167
379
1366
2840
193
405
89
1118
549
607
446
94
387
1777
92
1137
624
260
114
280
676
1206
138
345
367
61
20
56
189
2354
4074
17
14
78
545
604
462
357
113
358
19
17
604
344
67
4549
937
198
274
12
1820
200
482
724
258
2431
140
5234
163
30
1150
43
264
25
408
1913
203
193
1515
68
1237
497
460
152
609
736
203
190
85
498
160
602
319
873
93
312
571
786
17
1865
493
1033
6415
464
2810
265
433
81
1725
311
234
451
675
1737
157
250
474
122
128
343
8347
101
184
6499
2122
19
613
433
20
155
1589
681
4306
12906
65
610
104
212
19
220
225
3697
1181
1327
89
255
1000
823
610
54
396
184
114
280
382
486
216
584
5841
1094
30863
406
80
35
231
2124
326
993
85
133
290
26
222
61
944
324
1883
205
4828
32
10
287
27
247
1884
227
30
125
1454
497
160
708
1505
531
73
6315
710
3819
403
21
28
20858
17
2110
399
1145
44
402
15
58
479
1959
4444
1320
608
1217
651
1958
46
2969
604
1928
35
3576
184
2213
70
36
610
183
92
38
188
305
96
722
694
2528
473
16
52
41
4245
76
166
179
1837
1775
70
884
174
124
227
257
10445
187
3152
461
1479
97
483
492
856
3022
75
2839
451
362
5072
48
193
184
5839
2938
103
828
1437
321
31
1421
341
6385
149
2500
144
1278
1452
318
285
3293
4650
1716
4433
525
89
419
257
1879
1936
80
219
589
439
622
146
718
142
16468
55
639
1680
257
2806
1085
141
246
13820
136
53
92
369
105
67
53
53
434
2251
41
383
83
162
933
282
641
787
137
313
205
8
187
838
67
260
331
1739
4719
158
629
976
280
85
601
123
39
285
56
527
36
165
1175
348
255
472
1579
1880
266
26
2406
27
5110
14
15995
657
37
16706
466
502
2701
304
63
757
2771
572
504
134
3964
238
2467
35
4695
2557
178
866
1040
134
1175
13738
251
1303
915
2475
3597
1327
1136
170
35
3533
108
152
680
580
798
37
5815
1222
204
375
643
116
204
285
1498
225
175
1137
41
71
2843
3951
1175
1319
701
59
201
162
199
42
1471
1358
354
2412
571
16182
50
126
4606
102
310
1264
93387
99
255
69
65
3823
102
632
346
26
1406
336
140
95
2139
70
166
264
269
1005
204
42
428
3794
56
49
111
87
383
6700
302
33
58
328
173
298
59
2888
189
1101
152
566
10463
172
6426
79
498
142
67
256
1024
676
250
265
463
122
1193
1336
123
3787
315
76
8549
400
46
692
87
399
350
1435
31
577
1528
2475
455
2514
98
1135
614
5897
456
5762
1102
41
216
620
664
42
197
1588
153
117
1376
9785
1733
648
36
159
278
219
396
896
1048
657
1282
10222
116
6672
10438
2807
80
1789
3713
151
661
288
15589
19
669
580
3138
1491
216
764
12959
1473
588
1615
475
385
87
229
42
79
368
59
1340
6720
894
978
304
53104
125
465
74
23
1778
104
30
107
851
2931
41
388
32
1053
372
27
37
9281
129
51
4867
4594
867
2991
1244
575
17
268
5341
1148
2741
587
124
707
6982
268
63
497
553
502
1505
360
62
72
87
1048
962
502
103
3406
1651
526
13602
538
525
245
20
361
31
16835
113
1020
33
1741
33
151
789
279
97
1884
1172
7
1233
4374
342
227
1010
21602
1797
559
97
700
884
62
142
122
206
36
113
51
119
334
130
7451
219
4270
559
564
194
25
281
139
1774
29
342
36
549
771
181
129
374
4030
121
1041
3199
42
75
2839
315
4382
96
127
7908
845
144
396
4924
674
44
965
29
137
143
121
401
41
810
95
7869
59
234
55
208
6964
1124
669
1137
198
251
218
240
101
66
166
349
139
441
2988
1025
153
1068
6081
30
161
146
76
276
281
75
105
209
60
3943
131
72
1245
741
1148
1266
545
1812
3718
390
79
244
51
2825
484
155
336
22
378
3117
227
1110
1154
18
1090
347
35
202
2376
1314
249
421
882
26
459
432
59
905
131
90
84
7003
83
34
366
2548
685
10805
550
92
9388
170
3459
473
821
1041
992
2525
2559
2622
1676
174
628
193
321
263
967
15246
89
2201
3602
1232
13
16
3063
100
1497
504
43
206
97
954
1295
620
721
63
69
8081
3825
23
137
7
1963
272
1767
291
50
148
47
1809
67
50
309
734
189
3446
55
24
83
1945
841
402
4047
69
487
6100
3500
207
1324
181
199
417
1233
571
1848
542
307
547
262
444
129
213
24
269
4872
119
588
2062
1115
38
509
2122
2637
450
19
74
464
704
295
49
18
652
184
47
27
573
859
148
575
3526
96
710
476
173
149
86
57
4369
3691
106
305
45
3846
126
209
594
68
1595
95
67
1183
57
1896
1295
28
231
1068
1016
209
5
113
29633
659
1911
87
42
191
109
27
23
456
566
435
361
46
17
172
9492
5815
200
123
49
211
456
451
543
106
1363
226
256
548
57
154
439
1040
213
224
662
270
398
281
29
50
264
5922
162
9606
82
6664
869
2309
38
223
275
120
958
2026
128
34
672
166
1552
20
1671
57
1787
1073
253
864
1179
349
61
50
4084
1538
58
88
1203
338
1816
93
851
109
81
13
597
346
263
1594
961
230
161
132
279
1082
355
2165
2379
3740
69
652
191
533
275
371
3226
753
79
1429
271
4818
107
566
59
206
159
240
4888
243
279
448
3440
180
36
73
102
445
82
65
8137
806
225
31340
1165
139
196
845
1328
3450
64
461
3904
15537
1016
272
2408
294
274
11999
256
150
1519
1521
99
1170
65
137
419
67
196
13504
163
310
671
111
783
1252
2677
42
330
220
2306
220
39
172
327
260
2987
258
550
23
6695
158
2493
3937
414
3328
3275
2915
2927
979
244
150
585
107
213
1813
51
127
54
329
403
64
296
2153
116
609
426
71
8817
2653
1381
1022
243
55
858
179
19
194
2003
958
1138
50
322
80
1234
2211
1005
32
864
5293
256
962
486
179
305
219
314
185
75
4522
95
25
1123
51
262
63
588
79
33
100
47
155
133
121
19
1212
825
129
3034
51
450
2908
378
784
519
44
59
3921
1863
77
854
637
465
109
126
193
6269
2342
1334
65
26
1411
763
46
284
390
1393
118
3440
661
1118
574
254
3610
2075
810
183
111
635
1331
1086
590
2121
175
693
497
854
129
974
134
281
10091
760
311
169
92
243
1021
18
174
386
969
4636
504
238
94
487
726
660
623
1196
1811
36
843
57
12309
14352
239
44
56
873
1056
395
332
705
123
2367
829
324
2372
588
411
10654
511
1045
73
421
232
683
2740
364
2170
73
544
678
6819
1459
294
1015
307
231
374
134
680
1980
124
94
236
702
446
111
37
80
3454
774
73
130
1231
273
8059
201
6146
121
794
591
412
1193
142
2018
9167
941
1099
316
156
3745
26
5673
238
4535
39
1276
126
1462
143
2962
175
514
673
295
1288
342
11248
1910
964
415
2103
189
502
536
1249
345
142
1546
105
96
49
35
308
103
591
2897
587
73
346
1153
160
92
6097
53
3074
536
166
491
1905
391
3124
41
824
3210
504
7686
190
126
605
660
956
42
581
148
3594
540
50
66
276
309
4316
890
173
665
62
214
3064
1501
91
48
222
279
1232
9727
2848
524
551
69
1985
2582
990
1585
685
440
1071
226
343
728
29659
2676
85
47
248
219
351
981
139
422
694
12324
405
3368
280
85
82
940
608
3884
67
149
763
208
2259
647
398
373
4042
204
3543
381
545
3281
28
1951
6285
308
1642
177
4479
748
30
390
81
2713
96
64
291
139
58
1506
988
89
682
262
21
493
166
34
103
2920
391
910
3827
1169
261
564
108
3506
582
189
676
3188
4069
155
303
258
157
267
1770
776
897
451
299
180
127
6375
942
7246
1318
751
466
376
1845
958
87
1241
1301
238
1223
502
1263
802
775
77
28
46
547
585
161
443
6951
159
174
21
202
85
18483
1143
3928
23
988
502
138
89
413
553
14248
238
13486
1133
1876
538
998
105
253
481
99
52
264
682
166
777
444
372
242
147
130
1328
1343
631
116
88
426
233
2278
60
2668
374
44
978
178
25
325
17
1208
393
204
31
75
7813
910
1246
165
1426
85
854
284
372
399
119
154
72
3166
1153
436
12418
154
545
450
3386
346
85
560
46
593
4370
2204
751
255
103
690
575
119
134
2096
123
3680
127
611
496
329
517
427
894
557
705
318
909
48
158
787
4408
2976
120
2345
234
1646
103
32
488
43
998
63
288
142
149
863
9684
114
532
184
1853
244
315
1077
11553
8170
1127
965
1553
5260
351
136
183
2178
69
576
1449
70
378
5813
136
1276
656
252
876
189
176
96
33
962
3198
935
960
101
832
992
1251
185
241
84
1177
144
194
1963
987
88
92
218
108
273
38
3647
45
142
1908
3842
4883
355
54
1763
143
1593
1502
62
108
234
109
178
730
327
136
307
56
1485
302
74
68
903
60
3403
51
207
1296
925
584
6084
93
1281
495
162
137
116
342
40
7364
658
370
1808
2441
112
3372
105
734
1033
164
1134
62
29664
50
132
455
796
501
183
244
304
176
893
327
3273
2184
465
4048
256
685
90
126
100
162
213
3924
4260
88
493
203
8079
494
4255
313
139
136
2633
528
105
4098
190
86
72
75
330
1038
11661
2338
455
122
147
155
3049
175
51
353
38
424
892
619
425
332
25
1302
193
128
174
264
88
467
338
152
52
351
214
255
303
130
140
52
482
618
270
628
48
11159
790
1517
122
796
2150
1896
54
266
228
663
477
327
270
393
922
2786
98
80
53
3763
462
52
610
404
441
698
214
461
218
453
240
726
74
10909
5003
4078
66
703
1055
617
239
153
7262
938
105
49
950
221
248
254
131
396
464
1291
696
456
217
335
58
28
278
510
109
347
4314
81
274
200
312
407
130
41
53
132
51
135
57
21
955
196
353
434
943
743
475
109
24
1454
766
123
1152
14158
344
861
195
668
85
80
185
331
503
280
314
73
23
1374
544
278
602
658
505
38
4931
1977
218
578
10522
882
2127
140
27
484
2923
4415
1499
3055
123
367
358
936
670
1756
5109
90
283
37
206
1739
46
113
2273
1352
3240
569
665
1158
313
246
293
4089
565
563
742
59
1890
275
78
736
1765
397
930
3337
86
253
1397
148
32
293
193
84
228
30
332
108
3834
256
269
173
855
2060
166
1381
1962
84
2467
188
1451
450
442
248
396
414
652
331
43
585
50
3605
1292
56
157
494
52
20
26
48
196
140
3746
395
253
641
219
13889
254
113
48
200
740
244
192
343
326
97
90
91
19995
58
129
2062
174
1093
3931
241
4836
430
2240
7589
1231
208
53
21
224
1735
129
645
816
5032
3444
18
98
767
1185
179
209
295
956
38
132
2065
3840
381
80
319
45
281
211
1685
78
759
157
27
28
135
706
25521
2149
29
2000
14644
290
1327
1287
8816
129
159
2545
3481
121
94
809
890
1202
12
2894
626
1209
38
265
1068
1224
732
425
76
59
1261
940
745
555
95
131
2104
2889
1730
1349
3874
1203
135
985
177
379
37501
252
1459
72
39
21
39
1026
84
262
60
2888
167
183
44
48
528
2761
174
361
408
41
1484
2085
74
331
226
52
831
12862
404
780
308
195
1044
761
515
292
79
218
74
305
14
202
61
238
1078
602
150
1122
106
6071
8408
43
1134
390
85
796
131
341
1235
2647
775
51
160
1089
730
581
36
730
26246
83
289
4396
42
153
88
155
138
1566
209
1902
191
2028
620
321
97
9897
8262
277
66
70
891
204
74
188
54
400
569
167
232
57
494
924
192
509
294
842
242
65
159
739
3467
125
80
370
2079
164
852
60
51
627
2105
235
1529
417
601
8630
895
799
557
112
42
23
31
127
376
1331
521
169
269
1507
194
4180
306
49
441
132
58
300
200
1130
55
63
22512
409
495
433
147
1083
1082
397
389
816
97
90
26
263
671
7354
2143
1125
2238
131
1101
783
204
266
1288
989
1564
1121
8722
1324
289
259
95
3931
1092
77
73
597
502
640
2362
98
242
312
64
50
635
556
63
230
111
302
257
6701
1642
73
346
142
105
110
276
104
1329
32
382
164
63
29
32
1489
278
299
88
29
1849
3625
58
68
856
145
350
41
116
213
241
1399
119
585
1342
105
160
35
617
19809
72
25
2573
131
1145
456
167
549
106
1852
33
813
2697
102
441
2438
1551
221
1881
3146
339
153
302
48
365
960
277
83
390
196
253
2313
413
356
2841
442
130
1002
275
179
1920
158
71
713
2025
345
88
79
835
166
37
106
35142
1718
321
898
813
161
401
2165
723
287
83
989
1077
166
341
58
247
342
3194
143
279
304
444
1787
1986
231
3200
50
81
648
479
878
227
78
3273
1099
112
61
201
557
58
1078
38
225
32
129
37
519
387
1875
164
294
1065
93
70
5455
94
206
299
3524
373
54
561
8998
203
533
3998
44
288
3394
3628
3221
204
630
143
1113
514
744
117
653
11563
167
359
744
1031
2334
526
885
68
134
427
100
539
258
212
851
162
1201
137
661
42
940
83
35
82
2640
214
30
882
6003
238
920
721
448
511
49
25101
56
331
349
103
29918
447
542
423
888
66
574
1088
766
150
75
273
175
269
205
5180
309
125
1115
478
1758
382
2596
213
4830
331
43
1802
515
465
490
76
907
719
343
134
78
615
3626
614
7110
1469
113
188
16334
514
3527
463
195
398
30
1608
430
210
397
239
109
222
229
556
6417
25
3279
779
86
213
236
135
384
359
729
257
1275
2311
1661
293
650
2076
88
344
893
3656
104
101
249
166
67
64601
133
151
1229
117
850
50
460
1458
864
45
324
89
219
507
1306
2568
1240
2250
577
6837
201
43
244
509
57
557
994
93
4586
79
256
253
581
204
89
637
190
140
434
519
2042
348
348
138
385
520
316
374
71
283
1913
288
329
224
1283
432
120
386
25
448
1776
132
278
996
14644
10925
856
419
392
608
724
9706
11989
102
859
333
92
214
59
935
514
2225
323
30
1003
2829
39
5704
168
104
2659
2054
111
381
691
607
316
153
711
554
3517
132
825
94
599
1348
594
86
190
218
266
51
41
255
180
2139
9495
68
434
443
823
4852
387
1868
124
211
978
766
10330
353
1509
567
122
195
1953
276
705
72
1066
395
711
294
1920
363
1258
3216
454
992
171
448
946
719
44
297
1025
510
161
254
451
68
274
777
210
114
78
1051
943
175
188
88
180
6827
142
261
326
630
1037
383
251
655
48
230
3590
4552
261
1886
1626
6996
212
59
316
320
277
242
1959
2118
205
2041
428
103
197
452
750
1428
78
68
135
591
280
199
636
99
4328
7776
365
214
639
389
2565
1422
343
504
329
13635
213
566
97
223
362
1621
1917
3803
318
67
4775
29
1072
188
133
371
583
262
1093
62
150
259
913
38
1112
248
90
7080
658
2738
1386
1151
4891
1891
501
141
71
177
222
5160
1486
25
110
65
307
2391
451
1607
926
184
255
321
9531
888
276
2295
71
841
401
2196
172
690
4267
786
58
48
317
1751
1838
1130
3097
576
3608
969
790
207
778
1634
21
340
835
33
274
773
269
130
303
151
1847
12787
115
426
107
457
413
55
366
588
145
1028
2426
2224
1748
352
2101
113
2199
541
2819
495
278
297
284
173
222
6562
195
2343
799
72
115
68
563
117
5080
45
316
870
90
1096
1018
58
153
453
871
404
74
169
34
134
310
189
646
20
4198
206
18206
262
84
234
313
52
1413
438
65
771
470
15277
925
83
7781
2160
1360
162
460
110
237
494
596
168
611
45
41
842
1021
942
519
59
1243
7360
437
128
683
87
632
299
902
258
1489
67
198
71
544
971
221
598
2712
1614
218
1644
113
238
227
151
408
1357
408
374
297
42
90
11019
180
3440
295
549
570
872
1906
1610
815
222
246
172
765
424
291
7390
1670
384
119
391
125
761
40
37
2328
467
3802
1058
317
574
275
174
409
152
1072
689
2200
2383
382
75
128
633
153
141
2727
2157
313
1388
208
245
89
101
98
184
924
426
958
41
785
5082
920
105
232
750
72
677
130
196
4406
57
140
272
306
119
508
69
682
422
21
82
366
69
638
205
136
17
479
80
946
380
218
741
43
285
3565
358
290
484
99
43
61
9981
584
11962
7747
980
327
96
1515
735
156
189
156
1110
939
332
2605
133
1499
522
7639
1601
512
472
31
1700
1078
29
850
1064
1952
123
3141
181
60
349
13100
1430
605
434
84
1328
387
552
538
772
1754
3636
875
136
1321
379
218
217
1453
41
816
369
615
4860
168
222
663
177
14
27
89
131
1990
127
1151
1051
397
539
5488
4295
591
632
88
5865
93
2567
920
232
21582
107
108
183
1701
611
169
772
1245
407
469
2063
107
174
595
371
4692
2604
45
450
1608
292
155
67
2472
9508
1044
133
277
10651
170
628
1677
172
5224
152
153
125
161
133
170
528
74
91
2605
23
432
757
2059
83
244
184
4977
208
626
592
645
559
23
1020
988
681
429
226
1022
134
113
413
26
21
1019
110
4992
335
1843
1725
775
8520
1076
83
359
104
80
1649
119
25
925
2662
1084
1169
10954
44
944
763
25241
234
747
773
278
91
181
522
1153
228
3608
792
2746
60
90
862
355
1518
2560
91
280
107
132
538
1134
16716
77
243
26738
532
844
191
696
14485
43
2349
261
181
79
98
1057
64
6699
317
2011
353
33
201
968
67
290
74
2356
118
99
474
306
120
422
4230
511
663
350
1670
438
454
781
181
25
1011
1119
87
763
769
6661
120
521
31
219
632
344
484
1006
512
185
111
1500
62
114
311
2676
890
168
635
12479
11020
619
65
323
49
79
67
849
1069
790
746
2061
1024
220
11113
113
89
1131
563
240
899
562
1997
1386
150
38
1638
226
147
2913
63
213
1850
1080
26
482
1067
1001
425
1472
476
2891
484
1393
833
101
3684
260
207
491
667
1070
297
194
88
1548
773
3417
203
111
18
1412
547
1891
1130
420
3390
200
604
136
746
1165
39791
2714
1302
5541
613
1471
97
116
7070
430
552
4469
122
484
390
1973
58
794
966
241
180
1902
863
426
1023
117
221
3919
1029
95
523
1536
2343
829
82
1501
135
3632
142
415
13588
601
361
39
68
89
137
943
611
2021
242
42
465
87
120
23
969
13516
136
2968
152
73
372
3933
1024
11
110
556
751
158
39
312
698
1722
2824
919
440
941
80
573
1797
809
232
675
467
19
235
278
132
140
268
5641
544
147
58
284
268
39
50
443
291
74
99
241
76
235
50
466
87
1895
703
179
28
5328
185
3876
406
255
471
400
590
2682
983
323
2112
942
43
4171
11
103
66
26
655
63
756
4354
1253
1665
4213
86
1646
176
646
294
547
223
118
938
5243
814
304
689
183
80
1673
583
68
5897
63
1471
920
228
366
286
1859
160
1452
982
304
1259
112
2836
584
65
130
496
627
442
1564
2180
371
157
4006
345
150
1544
1265
1669
346
1181
83
206
249
399
294
3493
2150
1748
2254
161
344
588
286
1246
155
643
83
543
56
10063
780
139
3255
54
227
205
601
252
111
1216
228
2446
462
248
276
1121
59
282
105
110
216
175
81
290
1320
8698
7814
245
381
1923
121
1838
483
236
258
2060
339
458
334
315
832
1705
631
956
400
1222
792
463
356
1576
181
2371
299
2931
369
777
1293
450
98
1626
120
71
15267
1811
172
49
1061
238
115
866
1106
434
9673
281
1179
609
317
171
871
4919
4345
598
310
81
690
196
307
174
242
3065
1126
473
447
538
92
517
84
378
239
50
857
886
928
289
555
4399
716
526
224
44
352
76
7589
452
532
123
247
1159
333
1149
712
309
88
155
90
161
98
1013
1445
146
290
735
65
526
139
5243
122
4078
752
89
984
224
1429
127
692
151
1173
461
199
170
1438
263
2820
45
3242
1223
78
492
131
2090
308
1468
3557
259
302
335
234
144
384
422
105
532
170
129
113
721
4091
598
2414
131
146
856
351
20901
2122
315
6202
3490
95
507
349
96
12278
242
14850
1189
314
2591
481
5058
1037
260
405
6604
84
989
72
184
1156
501
72
2142
146
500
44
1171
778
51
462
365
363
97
86
675
600
22400
85
324
1978
352
859
103
1347
1770
317
3105
1057
209
34
172
6758
44
67
646
416
207
226
206
56
317
138
2788
977
199
367
490
302
144
2759
584
2000
181
5032
115
6276
737
226
3298
269
108
107
449
83
258
572
523
1480
128
29
559
230
201
6387
99
346
156
120
203
82
536
318
900
213
29
61
1229
5804
157
161
943
1126
128
3122
418
89
130
76
45
864
218
2324
832
180
343
263
398
2382
129
696
25
75
408
155
805
21
52
242
5700
609
134
170
256
543
625
1104
374
58
1363
887
2077
805
1798
371
533
251
891
5015
2264
1119
4750
2095
3227
659
3761
2257
1082
548
507
200
282
352
2708
112
143
1613
257
285
45
219
1060
109
517
351
964
612
1377
1551
487
212
602
1290
141
467
586
5705
557
374
134
695
126
79
6715
129
3944
58
2451
429
427
172
15050
70
760
58
392
14637
74
360
440
101
195
251
15596
258
1279
712
246
282
25
1166
1188
1078
791
63
46
76
92
295
82
904
206
241
52
119
130
108
484
146
1400
364
116
1181
366
152
4261
5329
402
347
1300
270
725
103
346
4290
178
217
479
968
266
325
399
299
46
861
512
4447
152
60
102
579
461
924
434
101
97
747
177
2421
274
4038
177
21
2149
3806
74
96
112
568
137
93
676
5439
178
689
943
271
979
285
805
466
189
85
1060
75
95
980
49
474
240
1650
133
5032
2276
223
38
253
1704
922
511
3283
505
361
450
2342
339
1114
326
69
1487
760
2030
4870
1314
90
229
87
81
536
3738
1761
101
6710
155
263
1640
160
3227
1637
601
3810
806
840
56
24922
72
452
543
31
41
1002
2301
2595
973
117
5534
58
309
736
194
6541
171
501
2434
1675
444
56
569
102
6201
1675
646
733
152
140
285
4110
303
86
3085
1043
725
280
197
994
79
2316
289
12612
13409
929
331
1430
939
868
2904
459
422
221
275
1234
1055
144
597
18007
1283
109
203
1268
1712
220
6645
63
1180
151
977
269
1581
980
7196
1513
240
404
776
387
1178
4394
108
485
148
170
221
178
772
541
226
87
81
434
591
523
5693
377
263
172
870
3657
985
1336
2911
2032
2550
474
1012
1859
1732
1251
1981
1690
84
6374
608
205
1410
283
285
918
1246
648
1794
151
2647
92
119
208
401
233
87
209
154
102
447
146
300
4946
105
4881
91
772
212
680
1217
102
156
330
73
1054
296
154
87
1696
331
360
898
83
4030
650
188
132
179
751
1214
244
53
3513
564
957
542
2461
441
89
2751
144
4331
81
61
241
436
599
348
837
139
4902
533
624
263
4822
396
162
216
2432
593
5017
1432
53
2312
120
22
120
279
688
581
701
8076
3885
310
390
673
242
305
130
974
193
298
906
147
1455
7185
134
456
297
6058
521
318
791
294
135
321
939
1108
129
2425
227
216
1997
914
21662
1880
1263
433
106
5162
1672
490
853
890
344
65
37
4452
504
670
116
258
1104
109
642
362
760
451
649
423
1191
698
102
547
6810
1847
277
958
2021
74
2601
474
535
2836
258
1027
1511
533
1249
590
213
345
6861
338
77
318
4558
232
1080
7466
8800
650
55
433
78
196
3796
79
335
6740
604
830
1429
53
1942
630
195
176
23
4493
183
945
196
451
177
422
121
804
449
32
1303
269
626
344
758
394
252
894
305
113
1096
301
48
350
548
350
4384
353
47
660
2827
256
350
6923
241
451
520
592
1681
1295
5727
230
480
626
1931
117
143
131
45
598
1856
1693
304
887
225
1003
100
135
1052
241
1270
1448
83
204
201
196
232
217
808
794
205
75
1643
1356
418
42
1299
20557
1960
176
595
1596
812
2381
165
419
141
506
1458
251
217
3707
6226
2988
17235
9064
219
756
656
2990
1842
2534
229
90
1791
73
261
1169
1700
333
68
300
200
256
530
277
1181
903
171
113
84
316
16002
2965
397
19025
76
235
2380
586
452
72
230
278
128
187
520
151
284
465
225
117
235
409
113
940
73
2072
174
6034
758
206
131
382
3201
841
13651
543
1834
797
131
43
601
1462
1014
437
286
445
763
251
8500
1525
555
643
732
1604
136
96
356
96
2695
472
310
588
221
684
105
1883
180
1009
849
377
14735
701
199
260
1581
81
710
137
308
279
445
168
699
851
2565
4097
446
378
330
68
157
55
586
117
1289
528
1314
114
1655
133
3367
359
282
279
98
8155
497
123
374
480
331
7275
317
65
231
2476
357
1198
179
306
421
782
908
431
648
48
73
441
612
1087
433
473
395
174
146
143
1211
725
369
3296
241
3628
69
67
724
413
744
151
121
235
936
37
1691
99
1247
394
477
414
460
1464
69
312
5073
278
561
1620
123
1757
257
1037
367
4189
1284
1293
344
529
196
335
495
347
692
326
162
785
47004
89
2310
1232
304
4706
728
658
506
145
253
921
318
10660
208
1110
355
108
409
402
244
83
42
560
588
3728
95
298
3156
914
376
38
184
231
2119
273
44
2606
645
230
3754
1654
804
295
71
2009
219
1037
2931
1157
753
511
2423
1949
1677
322
49
112
361
780
296
184
1173
607
2999
41
236
3306
984
321
96
1131
58
668
131
155
69
153
2047
500
73
95
770
1398
180
969
183
553
312
267
925
458
177
284
59
287
1957
502
206
105
1066
1135
124
414
227
194
1233
1331
434
32
1973
873
174
1166
2272
81
83
81
74
303
765
97
5104
701
402
873
787
300
2577
810
95
248
1612
618
64
98
774
2811
2587
494
378
5420
1722
642
259
374
904
3297
2202
125
51
378
373
438
982
775
4501
163
4290
6988
2912
2373
299
362
659
126
981
4973
258
10245
304
748
305
93
173
137
20167
2225
101
550
3212
291
212
564
2626
8481
1563
1292
4216
122
582
87
458
438
140
54
1211
1184
1830
769
3854
62
108
411
239
2698
1816
1380
148
116
71
1955
59
100
1667
166
1193
3235
180
417
1507
317
74
411
7788
157
2315
2767
4825
1854
1456
51
2647
144
269
1832
2514
13207
1339
186
174
329
176
1229
440
108
947
80
200
570
124
175
1025
167
4457
1610
952
171
162
34
1456
2907
514
120
125
61
1397
16275
220
49
353
577
240
2856
1632
914
131
4707
200
823
90
356
840
385
534
8535
1234
1152
258
4918
300
480
1986
591
454
3907
505
1566
2795
901
181
167
1935
1955
3253
1057
90
1415
477
396
784
136
285
1045
83
1412
2149
98
414
2198
225
471
57
835
2968
116
117
544
996
3190
76
3013
639
637
276
474
1461
217
451
6341
604
172
24
64
1584
105
1547
664
2656
206
4623
2238
2023
400
1364
192
1547
117
57
497
219
241
22
93
172
10161
214
217
174
5000
2016
120
91
341
1601
610
37
2796
863
1975
159
993
811
275
1014
410
48
178
2408
672
1224
113
335
435
319
334
57
179
986
2010
549
46
560
574
92
1974
241
372
1065
272
336
74
416
240
757
618
66
1521
36
103
221
172
68
6605
2747
866
2155
4397
5155
3708
201
112
1024
520
6071
96
258
198
115
780
98
1238
7288
114
597
5167
282
233
203
110
1444
1065
235
1268
538
1425
218
247
172
94
20268
87
150
437
181
255
324
117
497
151
84
35
149
864
72
1796
1161
50
565
1015
235
35352
302
432
403
350
1641
4868
3805
1344
470
9020
1243
1194
1560
438
70
118
180
445
5782
56
6780
1090
180
23
1015
704
3978
938
646
137
962
1136
404
381
445
4957
629
996
4473
199
219
84
634
7775
2400
5837
561
1089
130
319
59
152
4426
219
534
778
85
852
749
934
157
503
1771
611
729
373
165
2364
335
330
199
1881
62
1875
162
5809
304
246
339
172
2925
1515
1115
1337
75
261
346
8670
787
740
930
362
422
331
163
68
1303
78
122
85
608
272
396
935
888
752
905
1894
908
372
1698
478
546
74
238
1556
155
1519
538
123
1721
214
95
8128
531
248
214
593
348
269
86
113
525
346
367
86
859
1182
3513
5760
131
588
696
244
227
3023
212
344
49
1959
158
271
569
3922
2694
3727
149
101
1122
843
1334
109
198
56
11246
91
844
29
377
261
530
25
591
154
402
389
3650
634
132
11496
510
214
105
682
124
955
746
2781
43
286
688
932
892
160
463
202
3856
83
74
418
1291
394
2415
238
354
4471
305
138
624
474
61
367
164
3813
433
608
162
2026
714
248
55
44
611
904
335
112
732
469
249
157
5553
1392
112
749
11984
207
6900
16313
1007
593
1528
423
77
568
515
107
1121
606
1751
4104
260
675
532
92
1011
5795
25
101
66
170
753
814
31
272
314
390
1084
429
886
321
241
465
1972
318
572
372
212
10757
2668
55
1475
1234
2958
192
960
357
213
155
115
3002
698
71
991
3660
216
1522
144
339
105
468
803
12353
5445
10753
339
627
490
401
839
266
5012
312
79
818
111
371
6726
75
240
383
631
77671
228
665
6847
173
76
84
210
519
90
588
815
3877
273
67
2005
3364
391
1160
159
34
79
307
1327
284
597
833
4186
563
1722
476
477
123
1581
1138
441
414
466
447
80
342
1839
220
1809
276
52
1002
476
3455
576
565
100
2942
39
7955
79
392
280
131
165
5406
248
29565
2538
186
255
7121
102
263
1010
4472
32579
168
59
92
62
645
452
1477
250
730
1186
259
120
272
433
157
298
221
634
156
897
54
623
168
286
138
866
32
295
39
2711
163
1191
233
441
91
1071
148
180
3696
313
341
70
38
833
120
91
69
770
103
291
369
415
445
1010
124
756
1483
321
28
12551
1046
161
74
199
585
1249
948
126
313
4211
2641
96
83
3230
4695
907
406
320
1405
2416
258
376
6884
323
440
2192
171
387
326
3563
234
1684
310
226
1598
1236
344
277
149
266
1519
120
1437
115
93
2457
2410
2490
3139
1701
1599
1887
283
110
4243
29
622
44
2850
855
1162
492
558
939
2010
391
299
890
830
76
3070
517
1392
1413
85
1844
172
138
1232
539
5658
2103
178
1747
753
977
812
1441
147
180
350
407
214
46
405
934
1668
421
74
91
586
147
322
3388
5829
157
246
6010
412
62
218
1354
1112
929
746
122
263
415
349
292
1214
217
333
187
1199
3693
110
226
154
152
497
386
1523
1040
184
2050
289
2357
993
2083
280
234
1288
5164
190
43
1032
688
140
83
104
3001
261
90
144
118
9490
1196
840
607
303
159
372
5121
239
2519
1140
660
1993
1041
85
100
1414
109
1155
937
832
201
84
2439
115
445
6256
87
2469
156
154
149
216
478
72
630
27405
247
1470
1873
490
992
1050
1588
